-0.01107 0.35292 0.02162
0.03330 -0.32286 0.16312
0.03101 -0.29666 0.15923
0.02794 -0.26159 0.00685
0.03143 -0.30144 0.18773
0.03507 -0.34300 0.25081
0.03109 -0.29759 0.24295
0.03468 -0.33863 0.23114
0.03268 -0.31576 0.23725
0.03035 -0.28906 0.10276
0.02824 -0.26499 0.04946
0.03101 -0.29669 0.13981
0.03360 -0.32625 0.23418
0.02622 -0.24184 -0.01751
0.03042 -0.28994 0.11095
0.03230 -0.31142 0.14502
0.03050 -0.29083 0.21874
0.02976 -0.28238 0.21760
0.02992 -0.28414 0.01934
0.02791 -0.26124 0.09006
0.02711 -0.25205 -0.04801
0.02704 -0.25122 -0.12597
0.02785 -0.26053 0.04342
0.03326 -0.32239 0.18920
0.03080 -0.29429 0.04686
0.03293 -0.31864 0.19759
0.04624 -0.34843 -0.14847
0.04044 -0.28223 -0.25493
0.04587 -0.34421 0.11769
0.04281 -0.30928 0.06061
0.03946 -0.27098 -0.22793
0.04487 -0.33281 0.17807
0.04469 -0.33070 0.02165
0.04178 -0.29755 -0.22549
0.04219 -0.30221 -0.25061
0.04642 -0.35055 -0.14333
0.03837 -0.25850 -0.27010
0.03733 -0.24659 -0.26345
0.04382 -0.32079 0.04739
0.04422 -0.32537 -0.01915
0.03948 -0.27123 -0.13816
0.04559 -0.34103 0.13507
0.04275 -0.30863 -0.05857
0.04199 -0.29985 0.02232
0.03931 -0.26932 -0.17327
0.04601 -0.34581 0.21011
0.04185 -0.29831 -0.01106
0.04095 -0.28806 -0.16461
0.04012 -0.27848 -0.24136
0.03806 -0.25498 -0.14750
0.04603 -0.34603 -0.02386
0.04181 -0.29788 -0.21994
0.04464 -0.33017 0.11260
0.03903 -0.26608 -0.12928
0.04040 -0.28177 -0.04819
0.04294 -0.31078 -0.00304
0.04466 -0.33037 -0.15196
0.03703 -0.24324 -0.26981
0.04264 -0.30734 0.00957
0.04046 -0.28245 -0.20896
0.04084 -0.28676 -0.07336
0.04557 -0.34082 0.10681
0.03838 -0.25866 -0.27369
0.04504 -0.33470 0.09324
0.04610 -0.34685 -0.12969
0.03975 -0.27428 -0.16605
0.04167 -0.29621 -0.04759
0.04528 -0.33751 0.21166
0.04420 -0.32511 0.11550
0.03970 -0.27368 -0.21852
0.04399 -0.32275 -0.15209
0.04459 -0.32964 -0.20462
-0.01801 -0.30215 -0.26644
-0.00431 -0.27185 -0.27499
0.00656 -0.28096 -0.27242
-0.02729 -0.29299 -0.26903
-0.01107 0.23127 -0.07409
-0.01107 0.17586 -0.08224
0.00786 0.22269 0.08454
-0.01335 -0.32307 -0.26054
-0.01107 0.10382 0.11200
-0.01107 0.12527 0.10260
-0.00220 0.03270 -0.33213
-0.00037 0.05352 -0.26486
-0.00917 -0.04698 -0.31549
-0.00684 -0.02037 -0.30533
-0.00670 -0.01881 -0.32732
-0.00178 0.03740 -0.29888
-0.00052 0.05185 -0.20453
-0.00827 -0.03670 -0.30481
-0.00298 0.02376 -0.28968
-0.00152 0.04043 -0.30800
-0.00306 0.02278 -0.26250
-0.00139 0.04193 -0.27414
-0.00095 0.04690 -0.29598
-0.00807 -0.03442 -0.31504
-0.00152 0.04042 -0.24844
-0.00154 0.04022 -0.22988
-0.00765 -0.02967 -0.28590
-0.00954 0.35315 0.00291
0.04325 -0.35914 0.22920
0.04212 -0.35940 0.21378
0.03786 -0.36022 0.16819
-0.01696 -0.13620 0.30781
-0.00236 -0.31646 0.26240
0.03351 -0.33286 0.25687
0.00040 0.05908 0.10648
0.00040 0.08241 0.09414
0.00805 0.23758 0.08251
-0.03320 -0.19940 -0.24677
-0.02464 -0.10156 -0.21985
-0.02722 -0.13109 0.11407
-0.02371 -0.09099 -0.16441
-0.02209 -0.07249 -0.21987
-0.02606 -0.11782 -0.07482
-0.02261 -0.07837 -0.22836
-0.02531 -0.10919 -0.06011
-0.03206 -0.18637 -0.25528
-0.03027 -0.16596 -0.16360
-0.02699 -0.12847 -0.30283
-0.02633 -0.12086 0.05496
-0.02906 -0.15212 -0.29553
-0.03290 -0.19603 -0.23403
-0.02451 -0.10010 -0.07661
-0.02377 -0.09165 -0.26708
-0.03022 -0.16532 -0.12481
-0.02351 -0.08863 -0.29526
-0.03104 -0.17475 -0.27819
-0.02587 -0.11563 -0.22636
-0.02527 -0.10873 0.25325
-0.03090 -0.17314 -0.07988
-0.02762 -0.13562 -0.12539
-0.02535 -0.10966 0.13970
-0.02625 -0.11997 -0.05550
-0.02429 -0.09764 0.10121
-0.03044 -0.16790 -0.10494
-0.02235 -0.07537 -0.25800
-0.02881 -0.14930 -0.19207
-0.02696 -0.12815 0.09278
-0.02591 -0.11615 -0.09700
-0.03318 -0.19914 -0.23937
-0.02912 -0.15284 -0.10414
-0.02294 -0.08210 -0.27480
-0.02445 -0.09938 -0.24590
-0.02627 -0.12027 -0.10260
-0.03084 -0.17245 -0.26475
-0.02837 -0.14426 -0.24602
-0.02554 -0.11187 -0.02630
-0.02303 -0.08321 -0.13915
-0.03024 -0.16562 -0.28105
-0.02823 -0.14263 -0.16175
-0.02588 -0.11580 0.19441
-0.03031 -0.16639 -0.22605
-0.02743 -0.13349 -0.02814
-0.02264 -0.07877 -0.17699
-0.02216 -0.07319 -0.26209
-0.02495 -0.10513 -0.27665
-0.02645 -0.12225 -0.24047
-0.02555 -0.11202 -0.25802
-0.02594 -0.11642 0.22936
-0.03017 -0.16482 -0.20776
-0.02442 -0.09912 -0.16776
-0.03177 -0.18311 -0.17542
-0.02337 -0.08709 -0.31612
-0.02786 -0.13836 -0.18665
-0.02454 -0.10043 -0.29093
-0.02781 -0.13783 -0.10943
-0.00509 0.05314 0.10272
0.01106 0.13511 0.09475
0.01106 0.08408 0.09843
-0.00951 -0.08147 0.31822
-0.00155 -0.07818 0.31873
0.01106 0.08577 -0.09540
0.00040 0.34149 -0.04462
-0.01585 -0.06142 0.32127
0.00040 0.12443 -0.08855
0.00040 0.09283 -0.10259
0.00040 0.25131 -0.07560
0.00040 0.19312 -0.09901
0.02393 -0.16323 -0.30165
0.00177 0.04623 -0.33744
-0.00778 0.13340 -0.10870
-0.01107 0.23784 -0.08589
0.01413 -0.30918 -0.26446
-0.01532 -0.29067 -0.26968
-0.02943 -0.30777 -0.26485
-0.02695 -0.25207 -0.28057
-0.02551 -0.23378 -0.28574
-0.04386 -0.36055 0.08227
-0.04579 -0.36137 -0.01652
-0.04325 -0.36084 0.05919
0.00040 0.34389 0.04753
-0.01244 -0.35322 0.24372
-0.00363 0.19341 0.08752
0.03943 -0.30477 0.26613
-0.04148 -0.29412 -0.01354
-0.04455 -0.32921 -0.12351
-0.04020 -0.27946 -0.13564
-0.04240 -0.30456 -0.00560
-0.04249 -0.30563 -0.03570
-0.04239 -0.30446 -0.03126
-0.04569 -0.34214 -0.20079
-0.04229 -0.30330 -0.21363
-0.04553 -0.34031 0.16870
-0.04156 -0.29494 -0.06459
-0.04520 -0.33661 0.20244
-0.04576 -0.34293 0.23095
-0.04247 -0.30534 -0.13833
-0.04259 -0.30675 0.01722
-0.04310 -0.31254 -0.20416
-0.04609 -0.34671 0.07461
-0.04525 -0.33718 -0.22040
-0.04142 -0.29342 0.01773
-0.04123 -0.29115 -0.21110
-0.04350 -0.31713 -0.01572
-0.03591 -0.23040 -0.24655
-0.04147 -0.29395 -0.25846
-0.04556 -0.34064 -0.18091
-0.04580 -0.34341 0.03894
-0.03921 -0.26810 -0.24988
-0.03925 -0.26855 -0.06373
-0.04305 -0.31199 -0.11586
-0.04580 -0.34348 0.18291
-0.04165 -0.29597 -0.09505
-0.04306 -0.31213 -0.19793
-0.03971 -0.27383 -0.11890
-0.04422 -0.32539 0.03625
-0.04072 -0.28533 -0.26842
-0.04580 -0.34339 -0.20965
-0.03772 -0.25110 -0.27732
-0.04537 -0.33858 0.16504
-0.04122 -0.29107 -0.00559
-0.04561 -0.34130 -0.21963
-0.03712 -0.24421 -0.26203
-0.04437 -0.32712 -0.25796
-0.03982 -0.27507 -0.22624
-0.04541 -0.33896 -0.01712
-0.04616 -0.34759 0.08797
-0.04132 -0.29224 -0.25396
0.00040 0.20038 0.10089
-0.00570 0.05568 -0.22637
-0.01007 0.05588 -0.21859
0.00306 0.17008 -0.08024
-0.01107 0.13703 0.09212
-0.01107 0.08659 0.09377
-0.03153 -0.18725 -0.29680
-0.01558 -0.12025 -0.07104
-0.01282 -0.08871 -0.08942
-0.01577 -0.12242 0.12819
-0.02013 -0.17228 -0.17424
-0.02237 -0.19785 -0.22295
-0.01783 -0.14601 -0.06584
-0.01672 -0.13327 0.10413
-0.01395 -0.10163 -0.03262
-0.01845 -0.15314 -0.07221
-0.01777 -0.14532 -0.10780
-0.01548 -0.11910 -0.18904
-0.01654 -0.13124 -0.21291
-0.01878 -0.15681 -0.19474
-0.01483 -0.11175 0.04418
-0.01529 -0.11693 -0.13545
-0.01205 -0.07991 -0.17565
-0.01922 -0.16183 -0.24888
-0.01089 -0.06664 -0.28662
-0.01507 -0.11449 0.09038
-0.01691 -0.13551 -0.17753
-0.02292 -0.20416 -0.26109
-0.02197 -0.19337 -0.26586
-0.01533 -0.11738 -0.24238
-0.02006 -0.17151 -0.12964
-0.01823 -0.15051 0.03414
-0.01320 -0.09307 -0.17182
-0.01780 -0.14571 0.03566
-0.01194 -0.07862 -0.22619
-0.01924 -0.16214 -0.10451
-0.01443 -0.10711 -0.14051
-0.01502 -0.11389 0.11898
-0.01824 -0.15067 -0.11881
-0.01894 -0.15868 -0.28748
-0.01522 -0.11618 0.20475
-0.02066 -0.17830 -0.16583
-0.01129 -0.07128 -0.29735
-0.01715 -0.13825 -0.14325
-0.01271 -0.08752 -0.21465
-0.01586 -0.12348 -0.23808
-0.01727 -0.13956 0.06076
-0.01965 -0.16675 -0.22871
-0.01842 -0.15272 -0.11271
-0.01404 -0.10268 0.21479
-0.02116 -0.18407 -0.21202
-0.01585 -0.12331 -0.10938
-0.01466 -0.10979 0.21414
-0.01459 -0.10902 0.14773
-0.01411 -0.10351 -0.20050
-0.01401 -0.10229 -0.25385
-0.01477 -0.11099 -0.09588
-0.01650 -0.13075 -0.01254
-0.01346 -0.09604 -0.03591
-0.01983 -0.16881 -0.12306
-0.01623 -0.12766 0.11316
-0.01448 -0.10768 -0.01876
-0.01634 -0.12897 -0.13931
-0.04280 -0.36304 -0.15787
-0.04577 -0.36288 -0.16751
-0.04402 -0.36331 -0.19530
0.00672 0.13356 0.11250
0.00040 0.26208 0.08979
0.01114 0.05273 -0.23529
0.01371 0.02331 -0.19105
0.01944 -0.04217 -0.31395
0.01112 0.05300 -0.32449
0.01613 -0.00432 -0.27292
0.01156 0.04791 -0.33514
0.01182 0.04498 -0.23285
0.01438 0.01566 -0.26843
0.01125 0.05141 -0.25502
0.01353 0.02544 -0.29497
0.01488 0.01002 -0.25530
0.01355 0.02516 -0.19888
0.01939 -0.04161 -0.30670
0.01724 -0.01702 -0.31937
0.01476 0.01136 -0.26822
0.01220 0.04061 -0.26383
0.01564 0.00126 -0.21319
0.01106 0.29433 -0.06678
-0.00245 0.02982 -0.15524
-0.00649 -0.01643 -0.07228
-0.00493 0.00140 -0.16502
-0.00381 0.01424 -0.14906
-0.00497 0.00098 -0.08699
-0.00613 -0.01221 -0.10560
-0.00466 0.00455 -0.11503
-0.00592 -0.00991 -0.20039
-0.00082 0.04844 -0.08060
-0.00221 0.03254 -0.04117
-0.00118 0.04437 0.12043
-0.00120 0.04411 -0.06205
-0.00872 -0.04190 -0.28235
-0.00534 -0.00319 -0.03885
-0.00305 0.02291 0.04869
-0.00511 -0.00057 -0.10806
-0.00347 0.01816 -0.15960
-0.01030 -0.05995 -0.30833
-0.00445 0.00693 -0.14292
-0.00660 -0.01760 -0.15205
-0.00124 0.04367 0.02437
-0.00799 -0.03347 -0.20692
-0.00901 -0.04520 -0.26463
-0.00475 0.00356 -0.06673
-0.00275 0.02633 -0.11147
-0.00778 -0.03116 -0.24002
-0.00562 -0.00639 -0.18261
-0.00203 0.03462 -0.03563
-0.00255 0.02869 -0.10212
-0.00412 0.01069 -0.01754
-0.00411 0.01086 -0.17731
0.00203 0.05524 -0.22147
0.00488 0.35642 -0.02699
-0.00041 0.33688 -0.04708
0.01094 0.10090 -0.11180
0.00872 0.25681 -0.08461
-0.01215 0.04121 0.11865
-0.01127 0.05124 -0.11150
-0.01172 0.04612 0.17632
-0.01626 -0.00579 -0.08599
-0.01167 0.04671 0.11634
-0.01151 0.04852 0.08299
-0.01293 0.03222 0.15404
-0.01160 0.04744 0.29607
-0.01288 0.03289 0.05230
-0.01596 -0.00232 -0.21123
-0.01509 0.00757 0.07488
-0.01299 0.03163 0.09994
-0.01363 0.02431 -0.02377
-0.01523 0.00595 -0.11675
-0.01254 0.03671 -0.00228
-0.01454 0.01388 -0.16700
-0.01835 -0.02971 -0.16605
-0.01157 0.04785 -0.00602
-0.01931 -0.04064 -0.27531
-0.02012 -0.04990 -0.29194
-0.01146 0.04904 0.16152
-0.01210 0.04177 0.01463
-0.01382 0.02208 -0.10187
-0.01245 0.03773 -0.01500
-0.01517 0.00668 -0.18564
-0.01136 0.05025 0.06908
-0.01269 0.03501 -0.11021
-0.01520 0.00636 -0.05035
-0.01193 0.04372 0.17969
-0.01779 -0.02332 -0.14494
-0.01686 -0.01265 -0.04949
-0.01173 0.04600 0.13981
-0.01124 0.05158 -0.08684
-0.01085 0.08943 0.09141
0.01862 -0.36215 -0.01551
0.02148 -0.36426 -0.22886
0.01434 -0.36286 -0.08695
-0.00132 -0.36378 -0.18010
0.03569 -0.36391 -0.19351
0.02261 -0.36193 0.00707
0.00960 -0.36269 -0.06961
-0.00035 -0.36303 -0.10383
0.00242 -0.36283 -0.08415
0.03038 -0.36299 -0.10056
0.02168 -0.36335 -0.13712
-0.01079 -0.36347 -0.14886
-0.01262 -0.36299 -0.10045
0.02100 -0.36205 -0.00532
0.00412 -0.36381 -0.18317
0.01321 -0.36313 -0.11406
0.03541 -0.36133 0.06772
-0.00369 -0.36384 -0.18584
0.00412 -0.36395 -0.19731
-0.00810 -0.36355 -0.15694
0.02027 -0.36141 0.05961
0.02683 -0.24892 -0.10431
0.02443 -0.22143 -0.23850
0.02779 -0.25988 0.02132
0.02791 -0.26126 -0.07112
0.02765 -0.25829 -0.04935
0.02839 -0.26672 0.07747
0.03407 -0.33159 0.22515
0.03093 -0.29571 0.19267
0.02884 -0.27183 0.09549
0.02774 -0.25925 -0.07633
0.03074 -0.29356 0.09919
0.02498 -0.22769 -0.18513
0.02456 -0.22294 -0.19779
0.02711 -0.25208 0.06589
0.03137 -0.30073 0.08198
0.02649 -0.24501 0.00626
0.03158 -0.30321 0.21640
0.03452 -0.33671 0.25181
0.02706 -0.25144 -0.00124
0.02556 -0.23436 -0.15593
0.03117 -0.29846 0.21079
0.03245 -0.31312 0.21578
0.03033 -0.28881 0.16240
0.03078 -0.29403 0.06561
0.02759 -0.25752 0.11951
0.02414 -0.21812 -0.21997
-0.04135 -0.29254 0.25927
-0.03838 -0.25860 -0.04249
-0.03975 -0.27424 -0.01808
-0.04274 -0.30852 0.26026
-0.04224 -0.30271 0.10490
-0.03677 -0.24024 -0.02943
-0.04332 -0.31508 0.18318
-0.04046 -0.28237 0.19982
-0.04296 -0.31095 0.19447
-0.03913 -0.26726 -0.05790
-0.04124 -0.29127 0.24367
-0.03809 -0.25533 0.09702
-0.03702 -0.24311 -0.00623
-0.04051 -0.28298 0.08178
-0.03919 -0.26788 0.00524
-0.04068 -0.28497 0.20610
-0.03952 -0.27171 0.06785
-0.04239 -0.30444 0.18192
-0.03969 -0.27360 0.04087
-0.04233 -0.30376 0.25551
-0.03891 -0.26470 -0.02162
-0.04304 -0.31195 0.13343
-0.04247 -0.30543 0.20590
-0.04016 -0.27903 0.00202
-0.03974 -0.27416 0.10474
-0.03734 -0.24676 -0.10553
0.00403 0.24010 -0.07288
-0.00041 0.26588 -0.07461
-0.04724 -0.35990 -0.19351
-0.04705 -0.35772 0.07314
-0.04719 -0.35935 -0.00168
-0.00095 0.05672 -0.28896
-0.00609 0.05435 -0.16802
0.01686 -0.01262 -0.25733
0.01348 0.02594 -0.25358
0.01419 0.01781 -0.18093
0.01462 0.01290 -0.28138
0.01674 -0.01129 -0.29626
0.01260 0.03609 -0.22288
0.01867 -0.03334 -0.30775
0.01421 0.01762 -0.32145
0.01181 0.04501 -0.16907
0.01201 0.04274 -0.31993
0.01154 0.04809 -0.30164
0.01803 -0.02606 -0.30958
0.01185 0.04462 -0.23803
0.01384 0.02182 -0.17709
0.01098 0.05458 -0.16317
0.01451 0.01425 -0.22913
0.00040 0.16335 0.10633
0.01106 0.12286 0.10399
-0.01060 0.05357 -0.33839
-0.03639 -0.35812 -0.08086
-0.03662 -0.36076 -0.05173
-0.03663 -0.36085 -0.23200
-0.03619 -0.35581 -0.20839
-0.01050 0.05360 0.07231
-0.00481 0.07964 -0.11383
-0.01557 -0.05164 0.32279
-0.00087 -0.01706 -0.32821
-0.00084 -0.03790 -0.32516
-0.02685 -0.14700 0.30519
0.00046 -0.34743 -0.25366
-0.03191 -0.34086 -0.25552
0.01106 0.31464 -0.05983
0.02611 -0.24067 0.02619
0.02308 -0.20605 0.03916
0.02165 -0.18964 0.19138
0.01643 -0.12997 0.27173
0.02331 -0.20867 -0.26675
0.02494 -0.22724 0.28037
0.02318 -0.20717 -0.05222
0.02482 -0.22587 0.16726
0.02211 -0.19496 -0.11046
0.02303 -0.20544 0.03261
0.02215 -0.19533 0.01935
0.02637 -0.24357 0.22397
0.02011 -0.17210 -0.02694
0.01799 -0.14783 0.16251
0.02337 -0.20930 -0.00869
0.01746 -0.14172 0.15455
0.02790 -0.26108 0.22529
0.01735 -0.14051 0.27140
0.02596 -0.23888 0.14215
0.02665 -0.24679 0.08059
0.02720 -0.25305 0.21541
0.01943 -0.16426 0.01515
0.02308 -0.20602 0.23728
0.02200 -0.19368 -0.10636
0.02583 -0.23746 -0.05081
0.01716 -0.13839 0.21446
0.02419 -0.21870 -0.02732
0.02516 -0.22978 -0.03498
0.01695 -0.13598 0.27450
0.01986 -0.16917 0.01094
0.02283 -0.20309 -0.07526
0.02018 -0.17289 0.10334
0.02608 -0.24030 0.13713
0.02573 -0.23634 -0.00678
0.02451 -0.22239 0.20905
0.02378 -0.21402 -0.23292
0.02131 -0.18578 0.23106
0.01965 -0.16683 0.15340
0.02306 -0.20578 -0.12591
0.01753 -0.14258 0.23632
0.02187 -0.19221 -0.10263
0.02500 -0.22790 0.23886
0.02375 -0.21369 -0.25721
0.02030 -0.17420 0.29583
0.02123 -0.18487 0.18540
0.02092 -0.18129 0.00717
0.02582 -0.23737 0.14539
0.02626 -0.24232 -0.00203
0.02089 -0.18093 0.02104
0.02657 -0.24594 0.03664
0.02618 -0.24147 0.21619
0.02478 -0.22539 0.02690
0.01998 -0.17063 -0.03486
0.02029 -0.17412 0.02501
0.01638 -0.12940 0.26473
0.02157 -0.18875 0.22876
0.02433 -0.22027 0.25406
0.01807 -0.14872 0.11658
0.02758 -0.25748 0.18641
0.00983 0.12286 -0.10971
-0.00041 0.18720 -0.08079
0.00040 0.35339 0.00533
-0.00732 0.06159 0.11922
-0.00041 0.06039 0.11576
0.00977 0.05351 0.00929
0.02542 -0.35380 -0.25049
0.00446 -0.21666 -0.29057
-0.00644 -0.23069 -0.28661
-0.00130 -0.23688 -0.28486
0.01106 0.33742 -0.04034
0.01308 -0.06573 0.32064
-0.00176 0.22803 0.08384
0.00749 0.05327 -0.06769
-0.02189 -0.20984 -0.29249
0.03100 -0.29959 -0.26716
0.00081 -0.24068 -0.28379
0.01106 0.23859 -0.08837
0.03216 -0.36256 -0.05625
0.00176 -0.36356 -0.15771
-0.01985 -0.36339 -0.14055
-0.00098 -0.36241 -0.04129
-0.01047 -0.36313 -0.11415
0.03466 -0.36086 0.11543
0.03014 -0.36217 -0.01767
0.00143 -0.36253 -0.05408
0.02334 -0.36114 0.08699
0.03649 -0.36100 0.10054
0.02698 -0.36378 -0.17991
-0.01797 -0.36412 -0.21419
-0.00730 -0.36292 -0.09307
0.01144 -0.36364 -0.16638
0.01245 -0.36209 -0.00923
0.02389 -0.36119 0.08190
0.00977 0.31085 0.07924
-0.03312 -0.32077 0.00031
-0.03192 -0.30701 -0.08493
-0.03480 -0.33993 -0.07620
-0.03407 -0.33161 -0.00395
-0.03165 -0.30391 -0.18740
-0.02955 -0.27991 -0.21537
-0.02892 -0.27270 -0.05952
-0.03394 -0.33008 0.15775
-0.02944 -0.27865 -0.23178
-0.03306 -0.32004 -0.22947
-0.03411 -0.33213 -0.15304
-0.03544 -0.34727 0.11449
-0.03074 -0.29355 -0.23306
-0.03433 -0.33457 0.19485
-0.02921 -0.27606 -0.22520
-0.03307 -0.32013 -0.00680
-0.03507 -0.34307 0.07844
-0.03492 -0.34129 0.12928
-0.03506 -0.34297 0.01696
-0.03113 -0.29800 -0.07377
-0.02991 -0.28404 -0.27020
-0.02779 -0.25981 -0.12563
-0.03355 -0.32569 0.14434
-0.03028 -0.28829 -0.25352
-0.03339 -0.32384 -0.08251
-0.03416 -0.33261 0.06262
-0.03564 -0.34956 -0.12731
-0.03063 -0.29228 -0.11611
-0.02944 -0.27865 -0.23819
-0.02938 -0.27800 -0.03408
-0.03461 -0.33779 0.17237
-0.03431 -0.33437 0.18331
-0.03358 -0.32597 -0.12758
-0.03366 -0.32687 -0.17024
-0.02844 -0.26724 -0.08278
-0.03108 -0.29745 -0.21996
-0.02893 -0.27282 -0.26345
-0.03263 -0.31515 0.08434
-0.02974 -0.28210 -0.12691
-0.02986 -0.28348 -0.05581
-0.03404 -0.33130 -0.05556
-0.02912 -0.27505 -0.23226
-0.03310 -0.32048 -0.15010
0.00099 0.22855 -0.07409
0.02473 -0.32173 -0.26091
-0.01107 0.33277 -0.04726
-0.04656 -0.35210 -0.15220
-0.04635 -0.34972 0.14206
-0.04649 -0.35137 -0.07106
0.00040 0.16202 0.09774
0.00273 0.27309 0.09161
-0.01107 0.32247 0.05691
-0.00635 0.05327 0.23609
-0.01107 0.06153 -0.09899
-0.01107 0.11653 -0.09249
-0.04230 -0.35981 0.17063
-0.04360 -0.35927 0.21343
-0.03959 -0.35949 0.22647
-0.04527 -0.36221 -0.09600
0.03635 -0.35765 0.01688
0.03629 -0.35704 -0.00461
0.03687 -0.36357 -0.23288
0.02390 -0.09316 -0.28620
0.02529 -0.10897 -0.08160
0.02307 -0.08361 -0.19932
0.02388 -0.09295 0.02523
0.02506 -0.10634 -0.28112
0.02172 -0.06824 -0.28290
0.03061 -0.16986 -0.18765
0.02434 -0.09814 -0.00899
0.02414 -0.09589 0.08467
0.02647 -0.12252 -0.08373
0.02655 -0.12337 -0.24833
0.02527 -0.10874 0.12842
0.02638 -0.12151 -0.12454
0.03021 -0.16530 -0.22968
0.02511 -0.10697 0.16890
0.03039 -0.16736 -0.05512
0.02536 -0.10977 0.18343
0.02586 -0.11558 0.01333
0.02981 -0.16066 -0.24304
0.03236 -0.18986 -0.22178
0.02612 -0.11846 0.12402
0.02701 -0.12868 0.08341
0.02855 -0.14625 -0.26516
0.02847 -0.14535 -0.26016
0.02346 -0.08809 -0.00654
0.02738 -0.13294 0.10883
0.02386 -0.09270 -0.04165
0.02680 -0.12633 0.02129
0.03295 -0.19658 -0.21914
0.03076 -0.17149 -0.06764
0.02397 -0.09392 0.07734
0.02293 -0.08209 -0.29458
0.03196 -0.18521 -0.17514
0.02290 -0.08172 -0.28928
0.02685 -0.12690 -0.23594
0.02242 -0.07621 -0.22991
0.02393 -0.09342 -0.14915
0.02529 -0.10906 -0.31049
0.03249 -0.19131 -0.21696
0.02293 -0.08205 -0.25140
0.03310 -0.19824 -0.25030
0.02970 -0.15941 -0.20112
0.02686 -0.12694 -0.25207
0.02960 -0.15825 0.01164
0.03188 -0.18435 -0.18483
0.02255 -0.07765 -0.15553
0.02550 -0.11145 -0.02988
0.02738 -0.13296 -0.17328
0.02979 -0.16046 -0.09940
0.02488 -0.10435 -0.08195
0.02722 -0.13112 -0.05691
0.02324 -0.08554 -0.07769
0.02706 -0.12927 -0.13635
0.02504 -0.10613 0.23670
0.02551 -0.11157 -0.04409
0.02580 -0.11481 0.09260
0.02554 -0.11186 -0.16054
0.00559 0.09926 0.09112
-0.03035 -0.28908 0.03015
-0.03165 -0.30393 0.21290
-0.02695 -0.25025 0.01993
-0.02836 -0.26634 0.11245
-0.03049 -0.29074 0.07565
-0.02619 -0.24156 -0.07558
-0.02895 -0.27314 0.14473
-0.02946 -0.27892 0.07478
-0.02757 -0.25730 -0.00017
-0.02590 -0.23819 -0.12228
-0.03319 -0.32151 0.22823
-0.02435 -0.22052 -0.24483
-0.02453 -0.22258 -0.19190
-0.03061 -0.29203 0.11646
-0.03072 -0.29337 0.17141
-0.02700 -0.25085 -0.07233
-0.02658 -0.24600 0.01751
-0.02749 -0.25639 0.03063
-0.03161 -0.30345 0.16800
-0.02920 -0.27593 0.05778
-0.02635 -0.24333 -0.04439
-0.03020 -0.28737 0.15116
-0.03229 -0.31127 0.16737
-0.03057 -0.29159 0.09537
-0.02855 -0.26853 0.08543
-0.03122 -0.29903 0.23374
-0.03085 -0.29482 0.15619
-0.00332 0.30639 -0.06839
-0.04298 -0.31120 0.05196
-0.04627 -0.34879 -0.12911
-0.04363 -0.31868 -0.08638
-0.03889 -0.26441 -0.24906
-0.04231 -0.30358 -0.20750
-0.03720 -0.24520 -0.21154
-0.03843 -0.25925 -0.24845
-0.04332 -0.31507 0.08986
-0.04579 -0.34328 -0.15606
-0.04292 -0.31048 -0.13750
-0.04380 -0.32057 -0.05324
-0.04033 -0.28094 -0.10920
-0.03892 -0.26476 -0.15545
-0.03785 -0.25256 -0.23223
-0.04495 -0.33376 -0.00367
-0.04609 -0.34677 -0.23245
-0.04226 -0.30302 0.00211
-0.03727 -0.24590 -0.25623
-0.03820 -0.25657 -0.23234
-0.04123 -0.29126 -0.06341
-0.04093 -0.28782 -0.16557
-0.04055 -0.28348 -0.25168
-0.03778 -0.25182 -0.15986
-0.04613 -0.34717 -0.00405
-0.04455 -0.32914 0.07651
-0.04531 -0.33781 0.13177
-0.03883 -0.26380 -0.27523
-0.03635 -0.23544 -0.21890
-0.03824 -0.25707 -0.20262
-0.04477 -0.33166 0.15236
-0.04003 -0.27746 -0.12296
-0.03909 -0.26674 -0.09105
-0.04511 -0.33555 -0.18876
-0.04211 -0.30123 -0.18537
-0.03646 -0.23673 -0.26718
-0.04435 -0.32689 -0.16652
-0.03992 -0.27620 -0.08046
-0.04544 -0.33931 -0.24862
-0.04473 -0.33125 0.07218
0.00577 0.15780 0.08942
-0.01107 0.13968 -0.09947
-0.01107 0.14365 -0.09579
-0.01107 0.14319 -0.10595
-0.00757 0.15928 -0.08136
0.03057 -0.27871 -0.27303
-0.01869 -0.25134 0.28175
-0.02090 -0.27388 0.27665
0.03762 -0.24994 0.16414
0.03915 -0.26741 0.23134
0.03322 -0.19971 -0.08910
0.03039 -0.16732 0.29905
0.03422 -0.21107 0.22454
0.03739 -0.24729 0.15190
0.03676 -0.24016 0.11413
0.02894 -0.15068 0.17969
0.03700 -0.24287 0.03594
0.03456 -0.21501 -0.17264
0.03123 -0.17696 0.16030
0.03616 -0.23323 0.25348
0.03347 -0.20257 -0.03055
0.03292 -0.19625 0.16753
0.03721 -0.24524 0.05241
0.03333 -0.20096 -0.20956
0.03364 -0.20450 -0.24969
0.03170 -0.18227 -0.11635
0.03558 -0.22667 -0.11435
0.03288 -0.19576 -0.11762
0.02922 -0.15392 0.30227
0.03570 -0.22796 0.21932
0.03509 -0.22105 0.24815
0.03719 -0.24502 0.02638
0.03584 -0.22964 -0.10403
0.02996 -0.16244 0.15738
0.03153 -0.18029 0.14303
0.03100 -0.17430 0.00274
0.03098 -0.17408 0.21649
0.03130 -0.17768 0.08922
0.02814 -0.14158 0.21568
0.02902 -0.15166 0.23625
0.03586 -0.22984 0.17733
0.03897 -0.26537 0.25233
0.03624 -0.23419 -0.05205
0.03305 -0.19770 0.27972
0.03468 -0.21633 -0.09296
0.03356 -0.20352 0.24087
0.03463 -0.21576 0.27439
0.03623 -0.23406 0.15140
0.02947 -0.15673 0.13370
0.03132 -0.17793 0.05437
0.03320 -0.19946 -0.01928
0.03391 -0.20758 0.24085
0.03497 -0.21965 -0.03302
0.03774 -0.25133 0.20577
0.03226 -0.18866 0.20347
0.03684 -0.24108 0.13559
0.03437 -0.21279 0.16864
0.03248 -0.19121 -0.15691
0.03640 -0.23605 0.14420
0.02853 -0.14601 0.27410
0.03400 -0.20859 0.19732
0.03642 -0.23618 0.16077
0.03296 -0.19667 0.05559
0.03037 -0.16713 0.19406
0.03375 -0.20566 0.11117
0.03050 -0.16858 -0.01924
0.03825 -0.25715 0.19480
0.03103 -0.17462 0.14418
0.02070 -0.12403 -0.30939
-0.00960 0.05367 0.11068
0.04237 -0.36268 -0.11826
0.04221 -0.36162 -0.01030
0.04065 -0.36304 -0.13930
0.00203 0.24737 0.09762
-0.01051 -0.26410 0.27886
-0.00844 -0.25947 0.27991
-0.00513 0.23630 0.10020
0.00040 0.15601 -0.10064
0.00040 0.17668 -0.10098
-0.00492 0.06039 0.09226
-0.01245 0.03775 -0.14403
-0.02225 -0.27724 0.27566
0.00970 0.21257 0.08572
-0.01107 0.16341 0.10111
0.03585 -0.22977 -0.00522
0.03361 -0.20408 -0.13999
0.02788 -0.13864 0.29114
0.03449 -0.21418 0.01641
0.02708 -0.12944 0.23055
0.03331 -0.20064 -0.17439
0.03074 -0.17131 -0.01318
0.03453 -0.21458 0.17617
0.02737 -0.13282 0.28701
0.03384 -0.20673 0.09741
0.02788 -0.13859 0.18576
0.03376 -0.20588 0.04379
0.03417 -0.21054 0.06277
0.03734 -0.24673 0.18614
0.03092 -0.17341 0.06198
0.03504 -0.22047 -0.09950
0.03133 -0.17805 0.23909
0.03026 -0.16583 0.23910
0.03350 -0.20285 0.10599
0.03529 -0.22331 0.28634
0.03039 -0.16734 0.13167
0.03544 -0.22505 -0.06736
0.02970 -0.15943 0.18269
0.03250 -0.19140 0.00546
0.03238 -0.19006 -0.16590
0.03539 -0.22442 0.07249
0.03160 -0.18108 0.20267
0.03342 -0.20196 -0.03813
0.03279 -0.19479 -0.16971
0.03297 -0.19677 -0.03595
0.02591 -0.11613 0.28726
0.03299 -0.19698 0.03689
0.03612 -0.23282 -0.07714
0.02861 -0.14696 0.12561
0.03220 -0.18797 -0.13597
0.02966 -0.15899 0.16306
0.03629 -0.23480 -0.02382
0.03711 -0.24413 0.14199
0.02797 -0.13963 0.26195
0.02897 -0.15103 0.26835
0.03723 -0.24545 0.10452
0.03041 -0.16754 0.29010
0.03160 -0.18115 0.21886
0.02832 -0.14365 0.24995
0.03600 -0.23138 0.01036
0.03168 -0.18202 -0.12632
0.03029 -0.16616 0.02619
0.03492 -0.21909 0.12521
0.02862 -0.14709 0.09019
0.02822 -0.14246 0.15884
0.03518 -0.22206 0.21736
0.02940 -0.15594 0.14345
0.03123 -0.17687 0.03482
0.03370 -0.20515 -0.17978
0.03185 -0.18398 0.02739
0.03331 -0.20074 0.02052
0.03257 -0.19223 0.21954
0.03240 -0.19027 0.01346
-0.00041 0.15285 -0.09395
-0.00041 0.13810 -0.09810
-0.01107 0.06214 0.11470
0.03625 -0.23429 -0.13599
0.03902 -0.26599 0.15460
0.04198 -0.29974 0.08384
0.03629 -0.23478 -0.14267
0.03959 -0.27247 0.22365
0.04042 -0.28197 0.15227
0.04335 -0.31542 0.12942
0.03960 -0.27260 0.02873
0.03731 -0.24641 -0.10468
0.04340 -0.31596 0.19580
0.03608 -0.23239 -0.12961
0.04045 -0.28226 0.08003
0.04320 -0.31376 0.24325
0.04139 -0.29305 0.07129
0.04196 -0.29951 0.19149
0.04232 -0.30371 0.14919
0.03882 -0.26369 -0.04014
0.04077 -0.28592 0.15595
0.04262 -0.30706 0.11653
0.04089 -0.28733 0.13408
0.03598 -0.23117 -0.11104
0.03787 -0.25284 -0.01372
0.04419 -0.32508 0.20629
0.03914 -0.26732 0.08179
0.03890 -0.26462 0.03275
0.04152 -0.29452 0.12992
0.03908 -0.26659 -0.00607
-0.01107 0.13200 0.09649
-0.01107 0.08604 0.10802
-0.00041 0.12823 0.09940
0.00314 0.00636 0.33191
0.01070 0.05354 -0.09218
0.01106 0.34587 0.04513
-0.01444 0.01494 -0.27588
-0.01261 0.03590 -0.25471
-0.01235 0.03892 -0.20887
-0.01204 0.04238 -0.18309
-0.01506 0.00788 -0.22281
-0.01415 0.01835 -0.29976
-0.01585 -0.00115 -0.29208
-0.01588 -0.00146 -0.32385
-0.01114 0.05270 -0.23778
-0.01362 0.02439 -0.24837
-0.01415 0.01833 -0.19747
-0.01210 0.04176 -0.19576
-0.01431 0.01646 -0.26996
-0.01626 -0.00579 -0.27135
-0.01388 0.02136 -0.30260
-0.01491 0.00958 -0.28194
-0.01146 0.04904 -0.29242
-0.04105 -0.33016 -0.25836
0.00241 0.05407 -0.16956
0.00120 0.05719 -0.30808
-0.01107 0.27248 0.07886
-0.01084 0.18555 -0.07861
0.00544 0.20620 0.08637
-0.00208 0.05285 0.04190
0.00137 0.07518 0.09182
-0.00656 0.05625 -0.24771
-0.02098 -0.18766 0.29616
-0.00973 -0.19755 0.29392
-0.00665 -0.20505 0.29223
-0.01878 -0.33482 0.25621
-0.02550 -0.32107 0.26085
-0.00302 0.11947 0.11370
-0.03640 -0.35829 -0.14569
-0.03648 -0.35911 -0.22437
-0.03627 -0.35678 -0.08672
-0.00871 0.09805 0.11551
-0.01360 -0.01695 -0.32813
-0.00889 -0.35714 0.23809
0.00377 0.33353 -0.03912
0.00787 -0.22038 0.28876
0.00120 -0.22487 0.28774
0.01567 0.00090 0.18363
0.02159 -0.06677 -0.23538
0.01273 0.03452 0.29908
0.02002 -0.04882 -0.09351
0.02362 -0.08991 0.29738
0.01686 -0.01263 0.11497
0.01950 -0.04287 -0.10446
0.02004 -0.04898 0.14326
0.01550 0.00284 0.21391
0.01471 0.01196 0.24422
0.02007 -0.04931 0.17548
0.02376 -0.09154 0.19850
0.02096 -0.05957 0.11352
0.02392 -0.09333 0.10563
0.01600 -0.00286 0.21160
0.01867 -0.03334 0.27969
0.02357 -0.08932 0.24150
0.02175 -0.06857 0.12585
0.01664 -0.01009 0.04847
0.02223 -0.07405 0.13131
0.01444 0.01497 0.25723
0.02009 -0.04953 0.08035
0.01378 0.02260 0.21751
0.01235 0.03892 0.30088
0.02503 -0.10600 0.31276
0.02172 -0.06816 0.16157
0.01583 -0.00093 0.22349
0.01495 0.00917 0.20620
0.02180 -0.06912 -0.04449
0.02346 -0.08809 0.31562
0.02143 -0.06489 -0.13768
0.01809 -0.02669 0.30330
0.01864 -0.03303 0.14936
0.02262 -0.07846 0.24902
0.01765 -0.02164 -0.06019
0.02076 -0.05720 -0.16940
0.02290 -0.08170 0.21333
0.02257 -0.07794 0.12481
0.01820 -0.02795 -0.09118
0.02460 -0.10109 0.30014
0.02161 -0.06698 -0.18524
0.02027 -0.05159 -0.24395
0.02173 -0.06834 0.09924
0.02039 -0.05301 0.29470
0.02235 -0.07544 0.26903
0.01664 -0.01013 0.29491
0.02007 -0.04939 0.23693
0.02428 -0.09742 0.31324
0.01968 -0.04486 0.02153
0.01986 -0.04696 0.06124
0.01451 0.01415 0.18093
0.02425 -0.09710 0.18295
0.01988 -0.04718 0.01852
0.01700 -0.01428 0.24524
0.01460 0.01321 0.24924
0.01909 -0.03817 0.20950
0.02108 -0.06094 -0.20095
0.01860 -0.03253 0.06985
0.02245 -0.07654 -0.11171
0.01609 -0.00382 0.12526
0.01715 -0.01595 0.26443
0.01934 -0.04104 -0.10957
0.01346 0.02620 0.23338
0.00903 0.11183 0.11434
-0.03374 -0.20557 -0.04729
-0.03183 -0.18373 -0.12405
-0.03448 -0.21408 -0.01887
-0.03788 -0.25297 0.10006
-0.03842 -0.25904 0.15821
-0.03136 -0.17843 0.00350
-0.03154 -0.18044 -0.04844
-0.02730 -0.13199 0.22519
-0.03490 -0.21883 0.17304
-0.03289 -0.19584 0.12854
-0.03137 -0.17852 0.24113
-0.03637 -0.23561 -0.02590
-0.03787 -0.25283 0.13258
-0.03391 -0.20757 -0.18676
-0.03338 -0.20150 -0.07847
-0.03041 -0.16748 0.11608
-0.03326 -0.20009 0.27855
-0.02913 -0.15288 0.07609
-0.03563 -0.22718 0.05988
-0.03503 -0.22037 0.18665
-0.03529 -0.22328 0.07382
-0.03732 -0.24654 0.10132
-0.02849 -0.14564 0.10419
-0.03345 -0.20231 -0.11733
-0.03269 -0.19360 0.09540
-0.03423 -0.21121 -0.00856
-0.02772 -0.13682 0.28872
-0.02989 -0.16164 0.03762
-0.03281 -0.19494 0.24256
-0.02536 -0.10980 0.30933
-0.02654 -0.12335 0.22918
-0.03299 -0.19697 0.10637
-0.03214 -0.18735 -0.16035
-0.03144 -0.17933 -0.02571
-0.03870 -0.26232 0.21150
-0.03353 -0.20319 0.04176
-0.03571 -0.22812 0.25656
-0.03141 -0.17891 -0.08009
-0.03560 -0.22690 -0.06715
-0.03478 -0.21750 0.16906
-0.03211 -0.18698 -0.08506
-0.02732 -0.13226 0.21097
-0.03691 -0.24180 0.01016
-0.03053 -0.16887 0.18283
-0.02640 -0.12166 0.28885
-0.03895 -0.26512 0.24325
-0.03216 -0.18758 0.10268
-0.03407 -0.20936 0.00270
-0.03341 -0.20178 -0.01976
-0.03396 -0.20810 0.08189
-0.03253 -0.19175 0.16091
-0.02858 -0.14661 0.12808
-0.02891 -0.15043 0.21963
-0.03352 -0.20305 -0.00530
-0.03328 -0.20039 -0.14968
-0.03227 -0.18880 -0.14079
-0.03086 -0.17268 -0.06127
-0.03790 -0.25312 0.17327
-0.03302 -0.19731 0.16954
0.00707 0.22410 -0.09408
-0.02522 -0.23049 0.24696
-0.02306 -0.20583 -0.18914
-0.01955 -0.16569 0.23235
-0.02224 -0.19642 -0.12692
-0.02325 -0.20800 -0.06341
-0.01738 -0.14081 0.16548
-0.02494 -0.22731 0.16786
-0.01773 -0.14489 0.12606
-0.02307 -0.20594 0.27508
-0.02831 -0.26583 0.24174
-0.01689 -0.13522 0.16738
-0.02245 -0.19879 0.00593
-0.02154 -0.18845 0.27759
-0.02085 -0.18049 -0.03747
-0.02330 -0.20851 -0.05453
-0.02332 -0.20878 0.17581
-0.01637 -0.12931 0.19899
-0.01958 -0.16598 0.00512
-0.02796 -0.26173 0.17850
-0.01892 -0.15850 0.21369
-0.02117 -0.18422 0.19169
-0.02141 -0.18688 -0.00922
-0.02323 -0.20766 0.04603
-0.02527 -0.23103 0.26796
-0.02761 -0.25777 0.24496
-0.02613 -0.24085 0.16679
-0.02559 -0.23471 0.15621
-0.02478 -0.22540 0.21360
-0.01739 -0.14102 0.17837
-0.02248 -0.19915 0.03184
-0.02668 -0.24716 0.07592
-0.02349 -0.21068 -0.13308
-0.02459 -0.22322 -0.04474
-0.01638 -0.12946 0.24142
-0.02065 -0.17823 0.01027
-0.02671 -0.24746 0.17329
-0.02360 -0.21193 0.18242
-0.02585 -0.23765 0.00272
-0.02042 -0.17556 0.03566
-0.02006 -0.17150 0.24779
-0.02459 -0.22329 0.25700
-0.01887 -0.15787 0.17585
-0.02274 -0.20216 0.09633
-0.02340 -0.20964 -0.08715
-0.02276 -0.20237 -0.19025
-0.02710 -0.25192 0.26744
-0.01834 -0.15180 0.19379
-0.02421 -0.21890 0.15111
-0.02121 -0.18463 -0.11637
-0.02261 -0.20058 0.04566
-0.02494 -0.22730 0.12451
-0.01694 -0.13586 0.26944
-0.02064 -0.17809 0.11652
-0.02506 -0.22858 0.03399
-0.02341 -0.20982 -0.05083
-0.02295 -0.20456 -0.01936
-0.02593 -0.23860 0.13021
-0.01806 -0.14862 0.12932
-0.02339 -0.20958 -0.08022
-0.02556 -0.23432 0.17991
-0.01107 0.17326 0.09214
0.00320 0.02122 0.01193
0.00404 0.01164 -0.01870
0.00530 -0.00272 -0.02808
0.00214 0.03329 -0.00427
0.00400 0.01212 -0.17082
0.00435 0.00803 -0.07382
0.00322 0.02097 -0.09197
0.00066 0.05026 0.11318
0.00650 -0.01655 -0.08570
0.00611 -0.01202 -0.09547
0.00458 0.00549 -0.17154
0.00591 -0.00972 -0.12679
0.00375 0.01497 0.10970
0.00494 0.00133 0.04047
0.00444 0.00709 -0.01343
0.00466 0.00457 -0.19901
0.00883 -0.04318 -0.24785
0.00227 0.03188 -0.07648
0.00392 0.01299 0.02991
0.00855 -0.03990 -0.23602
0.00773 -0.03052 -0.22216
0.00265 0.02750 -0.02637
0.00483 0.00255 -0.10751
0.00324 0.02080 0.00355
0.00169 0.03854 -0.12157
0.00069 0.04989 0.00661
0.00303 0.02320 -0.12339
0.00755 -0.02853 -0.12698
0.00313 0.02202 -0.01233
0.00692 -0.02129 -0.23939
0.00118 0.04431 0.01417
0.00828 -0.03686 -0.25748
-0.04063 -0.30937 -0.26419
-0.01107 0.28420 -0.06474
0.01106 0.25409 0.08895
-0.00662 0.05320 -0.06792
-0.00151 0.05274 -0.08644
-0.00212 0.04174 -0.33678
0.00690 -0.02102 0.13862
0.01051 -0.06234 -0.18123
0.00831 -0.03721 0.13142
0.01015 -0.05826 0.07098
0.00206 0.03423 0.29170
0.00717 -0.02416 0.24533
0.01167 -0.07561 0.16861
0.00890 -0.04392 -0.05653
0.01301 -0.09085 0.23978
0.00869 -0.04157 0.11614
0.01381 -0.10010 0.21574
0.00710 -0.02338 0.11749
0.01051 -0.06230 0.09903
0.01243 -0.08428 0.06338
0.00459 0.00535 0.08352
0.00098 0.04658 0.31466
0.01076 -0.06519 -0.21452
0.01084 -0.06605 -0.13103
0.01200 -0.07935 0.29858
0.01326 -0.09376 0.15474
0.00487 0.00210 0.30345
0.00523 -0.00199 0.26192
0.00598 -0.01053 0.10242
0.00368 0.01572 0.32276
0.01128 -0.07114 -0.05725
0.00949 -0.05070 0.08071
0.00540 -0.00394 0.11280
0.00525 -0.00226 0.05933
0.00491 0.00168 0.23651
0.01096 -0.06747 -0.02579
0.00221 0.03249 0.32756
0.00880 -0.04281 0.14424
0.00797 -0.03327 0.13112
0.00198 0.03519 0.26879
0.00643 -0.01566 0.23160
0.01208 -0.08025 0.04887
0.00327 0.02040 0.31851
0.01258 -0.08595 0.15580
0.00467 0.00438 0.31161
0.01054 -0.06266 -0.12423
0.00994 -0.05586 0.05509
0.00781 -0.03146 0.26392
0.01120 -0.07016 0.23206
0.00939 -0.04948 0.18728
0.01006 -0.05722 0.20107
0.00129 0.04309 0.30900
0.01162 -0.07504 0.20661
0.01316 -0.09265 0.26825
0.01357 -0.09728 0.16272
0.01226 -0.08235 0.19043
0.01254 -0.08550 -0.00131
0.01240 -0.08390 0.11071
0.00843 -0.03852 -0.00399
0.00386 0.01363 0.28257
0.01001 -0.05658 -0.17065
0.00327 0.02047 0.18114
0.00594 -0.01009 0.26336
0.01076 -0.06518 0.20062
0.00813 -0.03508 0.31736
0.00264 0.02764 0.27759
0.00978 -0.05404 -0.25098
0.01139 -0.07237 -0.11257
0.01110 -0.06904 0.03884
0.01137 -0.07220 0.25777
0.01059 -0.06320 -0.23128
-0.02318 -0.35637 -0.24654
0.00906 0.29175 0.07064
-0.02795 -0.26163 -0.11635
-0.03342 -0.32413 0.13036
-0.03459 -0.33754 -0.09461
-0.03399 -0.33073 -0.02333
-0.03279 -0.31696 0.07253
-0.03271 -0.31610 -0.22421
-0.03071 -0.29325 -0.20489
-0.03528 -0.34545 0.05470
-0.02491 -0.22691 -0.28731
-0.03040 -0.28962 -0.03158
-0.03018 -0.28717 -0.01753
-0.03334 -0.32325 -0.11207
-0.03287 -0.31790 -0.09674
-0.03267 -0.31562 -0.15693
-0.03415 -0.33254 -0.06669
-0.02714 -0.25246 -0.24882
-0.03330 -0.32282 0.06292
-0.02847 -0.26759 -0.17766
-0.03106 -0.29725 -0.20514
-0.03295 -0.31885 0.04789
-0.03485 -0.34058 -0.19612
-0.03171 -0.30464 -0.00702
-0.03302 -0.31956 0.11254
-0.03448 -0.33632 -0.06685
-0.03390 -0.32966 0.09986
-0.02846 -0.26750 -0.21161
-0.03369 -0.32724 -0.17856
-0.03395 -0.33019 0.03712
-0.03440 -0.33535 0.15232
-0.03218 -0.30997 0.07311
-0.03083 -0.29454 0.01894
-0.02890 -0.27254 -0.20193
-0.02864 -0.26953 -0.13523
-0.03135 -0.30047 -0.18474
-0.03036 -0.28922 -0.24173
-0.02910 -0.27478 -0.12629
-0.03184 -0.30618 -0.07418
-0.03154 -0.30268 -0.17882
-0.02760 -0.25762 -0.14335
-0.03388 -0.32949 0.06950
-0.03524 -0.34501 0.15409
-0.03468 -0.33861 0.00627
-0.02969 -0.28158 -0.17620
-0.01089 0.35859 0.03110
-0.00961 -0.00646 0.32986
-0.00431 0.05309 0.19148
-0.00529 0.05317 0.21567
-0.01688 -0.32690 -0.25945
0.00212 0.14915 0.11118
-0.00658 0.14819 -0.08231
0.01106 0.09656 -0.10624
0.04184 -0.33243 -0.25771
-0.01107 0.20987 0.10510
-0.00041 0.08933 -0.08738
-0.00041 0.05737 -0.09839
-0.01545 -0.28814 0.27197
-0.00618 -0.30606 0.26592
0.01256 -0.04525 -0.32405
-0.00041 0.21713 0.08802
0.01782 -0.05407 0.32238
-0.01040 0.35181 -0.00809
-0.02235 -0.07538 0.03421
-0.01866 -0.03325 0.22996
-0.02053 -0.05459 -0.10543
-0.01603 -0.00317 0.26934
-0.02340 -0.08736 0.11597
-0.02375 -0.09140 0.21184
-0.02186 -0.06980 0.14328
-0.02173 -0.06832 0.03226
-0.02181 -0.06925 0.00312
-0.02294 -0.08212 -0.05318
-0.01485 0.01038 0.11108
-0.01775 -0.02286 0.24726
-0.02195 -0.07080 0.31219
-0.01753 -0.02031 0.27864
-0.02214 -0.07303 -0.17342
-0.02302 -0.08307 0.23384
-0.02228 -0.07465 0.00797
-0.02081 -0.05786 -0.15904
-0.01439 0.01557 0.28113
-0.02155 -0.06624 -0.05397
-0.02106 -0.06066 -0.24960
-0.01776 -0.02297 -0.04160
-0.02371 -0.09094 0.12638
-0.02094 -0.05935 -0.06596
-0.01979 -0.04611 0.00853
-0.02224 -0.07413 0.08271
-0.02038 -0.05284 0.04985
-0.01768 -0.02206 0.31942
-0.01785 -0.02398 -0.05872
-0.02060 -0.05538 -0.03307
-0.01962 -0.04423 -0.04288
-0.02031 -0.05210 -0.00564
-0.02409 -0.09532 0.30381
-0.01755 -0.02056 0.01025
-0.02246 -0.07673 -0.11251
-0.01662 -0.00997 0.03700
-0.02181 -0.06919 0.25483
-0.02041 -0.05326 -0.11811
-0.01459 0.01334 0.31728
-0.01858 -0.03235 0.22403
-0.02295 -0.08232 0.12027
-0.01774 -0.02272 0.04854
-0.02422 -0.09683 0.25210
-0.02239 -0.07591 0.11055
-0.01871 -0.03379 0.26294
-0.02010 -0.04966 0.31497
-0.02350 -0.08851 0.23042
-0.01906 -0.03785 0.04474
-0.01550 0.00293 0.17698
-0.01636 -0.00689 0.07584
-0.01815 -0.02745 0.16847
-0.02326 -0.08583 0.15016
-0.01989 -0.04732 -0.03464
-0.02138 -0.06427 -0.24920
-0.02127 -0.06302 0.30696
-0.02185 -0.06965 0.01451
-0.01905 -0.03773 -0.13780
-0.01705 -0.01478 0.01236
-0.01594 -0.00217 0.24066
-0.02398 -0.09400 0.14917
-0.01748 -0.01973 -0.02104
-0.02107 -0.06082 0.15010
0.00040 0.36234 -0.00607
0.04182 -0.35970 0.18605
0.04091 -0.36017 0.14628
0.04521 -0.35926 0.19979
0.00040 0.23529 -0.08944
-0.01449 -0.10786 0.20647
-0.01538 -0.11803 -0.00975
-0.01489 -0.11238 -0.24409
-0.01902 -0.15956 -0.06812
-0.01328 -0.09397 -0.19610
-0.01291 -0.08979 0.00302
-0.01604 -0.12551 0.09841
-0.02092 -0.18136 -0.18854
-0.01945 -0.16454 -0.27115
-0.01364 -0.09816 -0.00398
-0.02209 -0.19472 -0.21637
-0.01500 -0.11367 -0.08567
-0.01559 -0.12035 -0.29403
-0.01290 -0.08961 -0.27517
-0.01353 -0.09688 -0.22655
-0.01518 -0.11571 0.14637
-0.01375 -0.09934 -0.18583
-0.01649 -0.13063 0.02431
-0.01362 -0.09783 -0.10464
-0.02159 -0.18892 -0.23406
-0.01793 -0.14719 -0.15321
-0.01940 -0.16393 -0.29219
-0.01806 -0.14867 -0.11043
-0.01293 -0.09004 -0.22071
-0.02200 -0.19368 -0.20813
-0.01690 -0.13534 0.06736
-0.01351 -0.09662 -0.05440
-0.01997 -0.17051 -0.28583
-0.01434 -0.10610 -0.26182
-0.01401 -0.10233 -0.28469
-0.01762 -0.14361 -0.03919
-0.01726 -0.13944 -0.12558
-0.01847 -0.15330 -0.08462
-0.01781 -0.14572 -0.14194
-0.02229 -0.19703 -0.24149
-0.01590 -0.12395 0.20460
-0.01787 -0.14646 -0.18764
-0.01741 -0.14122 -0.16559
-0.01426 -0.10521 -0.03493
-0.01402 -0.10249 -0.14272
-0.01931 -0.16290 -0.23358
-0.01814 -0.14955 -0.16655
-0.01224 -0.08205 -0.10902
-0.01783 -0.14596 -0.27927
-0.01570 -0.12171 -0.03518
-0.01222 -0.08192 -0.10436
-0.01951 -0.16519 -0.27804
-0.01814 -0.14951 -0.26931
-0.01692 -0.13564 -0.19090
-0.01489 -0.11241 -0.23211
-0.01539 -0.11811 -0.25045
-0.01460 -0.10911 0.28510
-0.01813 -0.14944 0.00152
0.00246 0.06972 -0.08901
0.03245 -0.23984 0.28423
0.00040 0.11489 0.09227
0.00040 0.13130 0.09507
-0.02232 -0.16950 -0.30044
0.00489 -0.30407 0.26659
-0.00041 0.35046 0.04167
0.01106 0.13500 -0.10754
0.01106 0.08358 -0.10913
0.01929 -0.04038 -0.21334
0.01592 -0.00188 -0.18039
0.01136 0.05027 0.08630
0.01654 -0.00905 -0.22440
0.01519 0.00642 -0.15688
0.01486 0.01015 0.06201
0.01143 0.04938 0.18445
0.01192 0.04384 0.14532
0.01266 0.03529 0.03064
0.01157 0.04786 0.26861
0.01396 0.02051 -0.07427
0.01356 0.02506 -0.14914
0.01959 -0.04382 -0.21761
0.01133 0.05050 -0.07841
0.01268 0.03513 -0.06747
0.01162 0.04729 -0.00349
0.01418 0.01803 0.08677
0.01234 0.03896 0.11542
0.01422 0.01752 -0.13481
0.01140 0.04972 0.02163
0.01620 -0.00516 -0.19635
0.01303 0.03114 0.02701
0.01719 -0.01645 -0.23865
0.01448 0.01451 0.11062
0.01112 0.05296 0.09662
0.01323 0.02879 -0.01752
0.01436 0.01595 -0.12939
0.01568 0.00085 -0.17265
0.01650 -0.00849 -0.01906
0.01945 -0.04225 -0.22344
0.01541 0.00397 0.00710
0.01529 0.00526 0.05165
0.01550 0.00290 -0.14569
0.01464 0.01276 -0.16129
0.02046 -0.05381 -0.12060
0.01418 0.01798 0.28017
0.02279 -0.08046 0.08217
0.01533 0.00489 0.28859
0.02021 -0.05099 0.09101
0.01807 -0.02651 0.25206
0.02249 -0.07701 0.09534
0.02323 -0.08548 0.10050
0.01562 0.00154 0.31150
0.02234 -0.07532 0.30168
0.01358 0.02481 0.18361
0.01997 -0.04820 0.14924
0.01689 -0.01303 0.23333
0.02161 -0.06695 -0.12964
0.02107 -0.06082 -0.28752
0.01910 -0.03826 -0.13363
0.02123 -0.06256 0.00457
0.01906 -0.03786 0.14836
0.01460 0.01317 0.14536
0.02079 -0.05761 0.26467
0.01824 -0.02844 0.20780
0.02107 -0.06076 0.13229
0.02350 -0.08859 0.17025
0.02024 -0.05129 0.16989
0.02211 -0.07267 0.29571
0.02414 -0.09581 0.22901
0.01813 -0.02717 -0.10222
0.02101 -0.06005 -0.26175
0.01929 -0.04041 -0.14486
0.01680 -0.01202 0.07239
0.02109 -0.06098 -0.13503
0.02067 -0.05620 0.14476
0.01885 -0.03542 0.22485
0.02040 -0.05307 0.30902
0.02336 -0.08698 0.02389
0.02021 -0.05097 -0.01850
0.01396 0.02054 0.23466
0.01552 0.00268 0.33083
0.02058 -0.05515 0.01857
0.01769 -0.02213 0.19606
0.02049 -0.05417 0.20082
0.02272 -0.07968 0.03490
0.02085 -0.05830 0.28312
0.01867 -0.03332 0.27570
0.02049 -0.05414 0.08588
0.02032 -0.05222 0.22059
0.01462 0.01293 0.30967
0.01446 0.01476 0.16933
0.01405 0.01947 0.33367
0.01499 0.00869 0.22196
0.02233 -0.07521 0.27283
0.02027 -0.05161 0.06289
0.02066 -0.05610 0.12043
0.01614 -0.00439 0.29285
0.01986 -0.04693 -0.18227
0.02062 -0.05563 -0.04524
0.02417 -0.09618 0.20296
0.01904 -0.03762 0.02485
0.01902 -0.03730 -0.12607
0.00274 -0.11857 0.31180
0.01106 0.19105 0.08867
-0.02728 -0.25404 0.05420
-0.02794 -0.26154 0.01457
-0.03369 -0.32726 0.21733
-0.03087 -0.29506 0.14758
-0.02873 -0.27055 0.02583
-0.03385 -0.32906 0.18841
-0.02876 -0.27093 -0.00304
-0.02844 -0.26724 0.19276
-0.02693 -0.25003 0.05669
-0.02884 -0.27180 0.23398
-0.03222 -0.31049 0.13863
-0.02843 -0.26714 0.03627
-0.03276 -0.31659 0.13074
-0.02745 -0.25590 -0.05998
-0.02601 -0.23947 -0.03806
-0.02821 -0.26464 0.07578
-0.02763 -0.25800 -0.01911
-0.02765 -0.25820 0.08774
-0.03085 -0.29484 0.26246
-0.02707 -0.25165 -0.05121
-0.02798 -0.26204 -0.07924
-0.02777 -0.25961 0.03293
-0.02665 -0.24686 -0.01613
-0.03508 -0.34320 0.24472
-0.02793 -0.26149 0.03847
-0.00806 0.17947 -0.07925
0.04651 -0.35153 -0.03750
0.04668 -0.35353 0.01676
0.04667 -0.35342 0.10969
0.02538 -0.23076 -0.28659
0.01105 0.35391 0.03986
-0.00566 0.08095 -0.08805
0.00040 0.13846 0.10358
0.01106 0.33783 0.05284
0.04551 -0.34012 -0.07053
0.03899 -0.26555 -0.27029
0.03670 -0.23941 -0.18598
0.04351 -0.31731 -0.05364
0.04467 -0.33051 -0.17804
0.04470 -0.33088 0.14116
0.04034 -0.28105 -0.14865
0.03876 -0.26297 -0.08157
0.03913 -0.26720 -0.24612
0.04266 -0.30756 -0.20085
0.04525 -0.33714 -0.14868
0.04407 -0.32365 -0.20897
0.04560 -0.34117 0.00712
0.04363 -0.31863 -0.22964
0.03832 -0.25797 -0.17317
0.04423 -0.32545 0.04409
0.04368 -0.31920 -0.21735
0.04344 -0.31643 -0.00622
0.04144 -0.29364 -0.24823
0.03519 -0.22218 -0.25241
0.04583 -0.34378 0.02531
0.04390 -0.32172 0.03941
0.04608 -0.34662 0.02147
0.04216 -0.30189 -0.20464
0.03433 -0.21234 -0.28263
0.04383 -0.32094 -0.12296
0.04486 -0.33275 -0.12805
0.04516 -0.33612 0.13395
0.04537 -0.33851 0.00216
0.04032 -0.28080 -0.17745
0.04252 -0.30593 -0.04643
0.04258 -0.30660 -0.13569
0.03996 -0.27668 -0.20466
0.04462 -0.33000 0.05328
0.03612 -0.23277 -0.20987
0.04369 -0.31938 -0.18810
0.04615 -0.34746 0.15587
0.04500 -0.33433 -0.09205
0.04182 -0.29790 -0.24906
0.04038 -0.28150 -0.03409
0.04266 -0.30758 -0.09762
0.04451 -0.32875 -0.21174
0.04164 -0.29584 -0.23024
0.01106 0.16195 0.09008
0.01437 -0.10646 0.05602
0.01456 -0.10862 0.24126
0.01447 -0.10760 -0.17671
0.01772 -0.14477 -0.27424
0.01866 -0.15545 -0.20294
0.01358 -0.09746 -0.03570
0.01505 -0.11426 -0.24583
0.01111 -0.06914 -0.27140
0.01772 -0.14478 -0.26793
0.01605 -0.12565 -0.30703
0.01738 -0.14087 0.00613
0.02300 -0.20509 -0.28631
0.01405 -0.10280 0.17840
0.01673 -0.13343 -0.27196
0.01315 -0.09246 0.07237
0.01392 -0.10130 -0.07250
0.01343 -0.09567 -0.11348
0.01621 -0.12751 -0.12574
0.01983 -0.16882 -0.15939
0.01320 -0.09306 -0.19222
0.01686 -0.13487 -0.19201
0.01506 -0.11434 0.28059
0.01438 -0.10654 0.01547
0.01146 -0.07323 -0.20384
0.01201 -0.07944 -0.22047
0.01464 -0.10952 0.14090
0.01404 -0.10263 0.06017
0.01253 -0.08543 -0.28943
0.01612 -0.12650 0.19145
0.01366 -0.09839 0.02905
0.01524 -0.11644 -0.26874
0.01410 -0.10338 0.13502
0.01340 -0.09538 0.06140
0.01256 -0.08575 -0.10752
0.02206 -0.19431 -0.22173
0.01834 -0.15188 0.00623
0.01633 -0.12887 0.00608
0.02162 -0.18927 -0.19626
0.02031 -0.17432 -0.17391
0.01586 -0.12354 0.20064
0.01423 -0.10482 -0.11281
0.01461 -0.10924 0.13621
0.01873 -0.15632 -0.16131
0.01870 -0.15599 -0.18027
0.01188 -0.07801 -0.25400
0.01894 -0.15863 -0.05459
0.01228 -0.08257 -0.10521
0.01446 -0.10743 -0.06991
0.01707 -0.13733 -0.20429
0.01675 -0.13362 -0.23608
0.01295 -0.09022 -0.23324
0.01802 -0.14820 -0.15588
0.01399 -0.10208 0.18862
0.02190 -0.19248 -0.24810
0.01873 -0.15629 -0.28621
0.02029 -0.17408 -0.25050
0.01564 -0.12099 -0.23533
-0.00449 -0.34903 0.24974
-0.03898 -0.29819 0.26835
-0.00634 -0.01836 0.32805
0.01106 0.33161 0.05433
0.04117 -0.36238 -0.07758
0.04115 -0.36219 -0.05785
0.04678 -0.36100 0.01233
0.00040 0.33232 -0.04363
0.04683 -0.35520 -0.08110
0.04731 -0.36068 -0.08576
0.04698 -0.35692 -0.21739
-0.04692 -0.35629 0.20502
-0.04659 -0.35246 -0.01265
-0.04663 -0.35292 0.20993
-0.04620 -0.34803 0.13610
0.03613 -0.24901 -0.28121
0.00040 0.20782 0.09324
0.01209 -0.21102 0.29088
0.02074 -0.22049 0.28873
-0.03615 -0.35541 0.06445
-0.03574 -0.35075 -0.03218
-0.03605 -0.35424 0.09208
-0.03589 -0.35245 0.21002
-0.00506 -0.17674 -0.29905
-0.00022 -0.17387 -0.29962
-0.01286 -0.09128 -0.31595
-0.00780 -0.07678 -0.31882
-0.01615 -0.15695 -0.30297
-0.00605 -0.01131 0.16146
-0.00550 -0.00505 0.06002
-0.00955 -0.05135 0.01417
-0.01222 -0.08188 0.18742
-0.00658 -0.01743 -0.05634
-0.00880 -0.04280 0.10116
-0.00252 0.02897 0.22065
-0.00451 0.00624 0.33116
-0.01129 -0.07127 0.00260
-0.01180 -0.07711 0.11650
-0.00874 -0.04213 0.11915
-0.01119 -0.07006 -0.10271
-0.00983 -0.05460 -0.05043
-0.01100 -0.06792 0.05384
-0.00427 0.00897 0.13861
-0.00923 -0.04772 0.08464
-0.01019 -0.05865 0.14495
-0.01363 -0.09805 0.21877
-0.00219 0.03279 0.27776
-0.00456 0.00569 0.20306
-0.01079 -0.06551 -0.08040
-0.00307 0.02272 0.18580
-0.01169 -0.07578 0.17541
-0.01089 -0.06663 0.15409
-0.00958 -0.05169 -0.21983
-0.00629 -0.01415 0.17516
-0.00465 0.00470 0.15187
-0.01174 -0.07637 -0.04940
-0.00977 -0.05388 0.21925
-0.00469 0.00419 0.16786
-0.01378 -0.09970 0.29885
-0.01227 -0.08242 0.27751
-0.00265 0.02752 0.29994
-0.00811 -0.03486 0.28245
-0.00862 -0.04070 -0.13020
-0.00359 0.01681 0.29432
-0.01340 -0.09536 0.26518
-0.00694 -0.02154 0.21859
-0.01300 -0.09080 0.15402
-0.00079 0.04876 0.31916
-0.00926 -0.04801 0.11554
-0.01000 -0.05645 0.08487
-0.01338 -0.09510 0.16652
-0.01331 -0.09439 0.25989
-0.01298 -0.09053 0.26729
-0.00739 -0.02667 -0.01686
-0.00710 -0.02332 0.20655
-0.01183 -0.07737 0.13902
-0.00752 -0.02812 0.02909
-0.01289 -0.08950 0.29471
-0.00666 -0.01834 0.30102
-0.01347 -0.09618 0.20209
-0.00908 -0.04601 0.17912
-0.00759 -0.02891 0.29318
-0.00994 -0.05576 -0.02139
-0.00538 -0.00370 0.27946
-0.00316 0.02171 0.30000
-0.00422 0.00962 0.32867
-0.00606 -0.01149 0.11086
-0.01073 -0.06487 0.03246
-0.00395 0.01267 0.18564
-0.00872 -0.04189 0.06884
-0.01982 -0.12197 0.31095
-0.03730 -0.33271 -0.25774
-0.01107 0.32042 -0.05346
0.01106 0.20300 -0.08657
-0.01107 0.30673 0.06518
-0.00041 0.09508 0.09639
-0.00978 0.28597 0.07259
-0.01550 0.00284 0.03135
-0.01277 0.03406 0.17399
-0.01144 0.04929 0.28343
-0.01567 0.00097 -0.20671
-0.01599 -0.00266 -0.17128
-0.01248 0.03739 -0.09904
-0.01344 0.02648 0.11848
-0.01481 0.01080 0.02785
-0.01413 0.01858 -0.10475
-0.01539 0.00409 -0.03230
-0.01267 0.03527 0.12190
-0.01457 0.01351 0.04373
-0.01885 -0.03543 -0.26869
-0.01250 0.03716 0.15896
-0.01740 -0.01882 -0.07589
-0.01298 0.03166 0.01654
-0.01791 -0.02466 -0.22246
-0.01349 0.02582 -0.05541
-0.01448 0.01453 -0.13263
-0.01414 0.01842 -0.00209
-0.01579 -0.00043 -0.09752
-0.01769 -0.02220 -0.17086
-0.01630 -0.00631 -0.00194
-0.01387 0.02156 0.08095
-0.01240 0.03835 0.07865
-0.01440 0.01546 -0.11051
-0.01470 0.01206 -0.08932
-0.01728 -0.01748 -0.14673
-0.01133 0.05053 0.00105
0.00519 0.05316 0.31244
0.00561 0.05366 0.09915
-0.00054 0.12960 -0.10906
0.00273 0.15229 -0.10690
0.00947 0.05536 -0.19875
0.00791 0.05627 -0.24349
-0.00041 0.26981 0.08058
-0.00284 0.05291 0.02237
-0.01107 0.32346 -0.04800
-0.01107 0.16313 -0.08925
-0.01107 0.12298 -0.10013
-0.00041 0.15389 0.10203
0.02121 -0.18458 -0.05604
0.02497 -0.22757 -0.01691
0.02372 -0.21328 -0.00446
0.01649 -0.13073 0.19392
0.01652 -0.13101 0.26146
0.02232 -0.19728 0.26687
0.02579 -0.23695 0.05295
0.01940 -0.16397 0.07228
0.02297 -0.20480 0.02660
0.02183 -0.19170 0.04002
0.02268 -0.20138 0.07335
0.02309 -0.20611 0.15871
0.02127 -0.18527 0.20625
0.02333 -0.20889 0.24033
0.02557 -0.23448 0.14946
0.02145 -0.18733 0.27227
0.02026 -0.17375 0.25083
0.02410 -0.21768 0.14594
0.02216 -0.19553 -0.19216
0.01939 -0.16379 0.08232
0.02048 -0.17624 0.05216
0.02309 -0.20613 0.23214
0.02405 -0.21705 -0.09269
0.01696 -0.13606 0.16620
0.02618 -0.24141 0.26116
0.01872 -0.15617 0.23989
0.02207 -0.19450 -0.17677
0.02388 -0.21516 0.21648
0.02348 -0.21061 -0.23856
0.02367 -0.21273 0.24199
0.02213 -0.19519 0.12169
0.02312 -0.20650 -0.09362
0.02019 -0.17297 -0.00893
0.02288 -0.20369 -0.06144
0.02201 -0.19374 0.19169
0.01814 -0.14949 0.14952
0.02311 -0.20629 0.18580
0.02655 -0.24567 0.06952
0.02000 -0.17083 0.15135
0.01661 -0.13204 0.18107
0.02487 -0.22648 -0.00580
0.02000 -0.17080 0.29112
0.02470 -0.22448 -0.16005
0.01742 -0.14129 0.19252
0.02379 -0.21406 0.27742
0.02090 -0.18103 -0.05202
0.02438 -0.22081 -0.08887
0.02053 -0.17685 0.21463
0.02705 -0.25143 0.16327
0.02107 -0.18303 0.05610
0.02155 -0.18856 0.10256
0.02447 -0.22188 -0.03839
0.02270 -0.20166 -0.16873
0.01724 -0.13929 0.29153
0.01741 -0.14124 0.17801
0.01640 -0.12963 0.30444
0.02590 -0.23819 -0.04450
0.02435 -0.22049 0.01687
0.00040 0.17292 -0.10412
0.00040 0.06958 -0.11442
-0.02350 -0.10832 -0.31243
-0.01107 0.28779 0.08605
-0.04707 -0.35792 -0.19668
-0.04675 -0.35425 -0.11303
-0.04728 -0.36040 -0.03950
-0.01107 0.33175 0.06248
0.00286 -0.35948 0.23473
0.01796 -0.08305 -0.31748
0.00040 0.30830 0.06387
0.00907 0.05350 0.20780
-0.00098 0.16193 0.08928
0.01106 0.06194 -0.10065
0.00040 0.05669 0.12072
0.00239 0.03051 -0.18157
0.00927 -0.04814 -0.30053
0.00058 0.05122 -0.30180
0.00116 0.04449 -0.13682
0.00265 0.02751 -0.32611
0.00648 -0.01628 -0.26873
0.00648 -0.01623 -0.28129
0.00320 0.02122 -0.30619
0.00723 -0.02480 -0.29045
0.00336 0.01944 -0.31399
0.00279 0.02592 -0.20328
0.00737 -0.02648 -0.32060
0.00177 0.03752 -0.29435
0.00132 0.04268 -0.18544
0.00325 0.02069 -0.17661
-0.00043 0.35036 0.02297
0.00040 0.13789 -0.08625
0.00040 0.10344 -0.08684
-0.01339 0.02701 0.27128
-0.01990 -0.04743 0.14590
-0.02075 -0.05710 0.16773
-0.01908 -0.03799 0.26457
-0.02011 -0.04977 0.20774
-0.02100 -0.05995 -0.29369
-0.02364 -0.09021 0.30103
-0.01954 -0.04327 0.26644
-0.02120 -0.06222 -0.13919
-0.02056 -0.05492 -0.04045
-0.02085 -0.05826 0.02013
-0.01967 -0.04473 0.05064
-0.02310 -0.08400 0.31375
-0.01800 -0.02569 0.10689
-0.01954 -0.04325 -0.14260
-0.01648 -0.00826 0.24777
-0.02269 -0.07930 -0.08599
-0.02042 -0.05338 0.29862
-0.02252 -0.07737 0.25027
-0.01687 -0.01276 0.32650
-0.02064 -0.05587 0.31500
-0.01985 -0.04683 0.11817
-0.01376 0.02281 0.30615
-0.01316 0.02962 0.22401
-0.02245 -0.07655 -0.09461
-0.01861 -0.03268 0.04817
-0.02226 -0.07436 0.07501
-0.01794 -0.02499 -0.10300
-0.02285 -0.08114 0.14617
-0.02385 -0.09250 0.10208
-0.02134 -0.06387 -0.02429
-0.02133 -0.06374 0.04237
-0.02188 -0.07008 -0.03017
-0.02289 -0.08159 0.27398
-0.01865 -0.03317 0.18388
-0.01903 -0.03749 0.27609
-0.02124 -0.06276 0.26950
-0.01410 0.01890 0.17429
-0.01668 -0.01065 0.22004
-0.02289 -0.08164 0.05070
-0.01586 -0.00120 0.32595
-0.02229 -0.07467 0.15923
-0.02125 -0.06280 0.07385
-0.02037 -0.05281 0.03671
-0.01960 -0.04396 -0.21335
-0.01532 0.00491 0.21852
-0.02195 -0.07086 0.20773
-0.01424 0.01732 0.22938
-0.01937 -0.04133 -0.13834
-0.01942 -0.04196 0.28735
-0.02128 -0.06317 -0.12745
-0.01887 -0.03568 0.11860
-0.02219 -0.07354 -0.07027
-0.01839 -0.03018 0.28172
-0.02081 -0.05775 0.25620
-0.02099 -0.05986 0.31322
-0.01186 0.04449 0.31621
-0.02025 -0.05147 -0.24820
-0.02099 -0.05991 -0.05023
-0.02063 -0.05573 -0.00710
-0.01881 -0.03500 0.24055
-0.02260 -0.07829 0.04649
-0.02053 -0.05464 -0.01383
-0.01523 0.00595 0.31712
-0.00448 0.00664 -0.27448
-0.00035 0.05385 -0.32184
-0.00293 0.02434 -0.22291
-0.00536 -0.00343 -0.24370
-0.00929 -0.04843 -0.30618
-0.00059 0.05110 -0.31885
-0.00865 -0.04104 -0.31842
-0.00953 -0.05115 -0.31106
-0.00263 0.02777 -0.16181
-0.00352 0.01761 -0.33178
-0.00265 0.02755 -0.22507
-0.00235 0.03099 -0.26991
-0.00115 0.04469 -0.29225
-0.00422 0.00958 -0.26830
-0.00652 -0.01672 -0.27509
-0.00041 0.30640 0.07529
0.00074 0.05278 0.23312
0.00040 0.24513 0.08204
0.03595 -0.35310 0.16662
0.03603 -0.35407 0.12799
0.03550 -0.34792 0.22948
-0.01007 0.33756 -0.03510
-0.01667 -0.36219 -0.01915
-0.03370 -0.36203 -0.00367
-0.02823 -0.35988 0.21395
-0.03253 -0.35968 0.23421
0.02128 -0.36038 0.16337
0.02034 -0.36061 0.14064
-0.01727 -0.36152 0.04804
-0.00098 -0.35993 0.20945
-0.00387 -0.36028 0.17334
-0.01269 -0.36010 0.19184
-0.02516 -0.36051 0.15001
-0.01017 -0.36153 0.04700
-0.02864 -0.36277 -0.07760
-0.02743 -0.36112 0.08856
-0.00164 -0.36181 0.01909
-0.01979 -0.36141 0.05977
-0.02616 -0.36272 -0.07248
-0.03578 -0.36337 -0.13884
-0.01778 -0.36006 0.19614
-0.02476 -0.36289 -0.09043
-0.02011 -0.36032 0.17010
0.00715 -0.32222 0.26046
-0.02618 -0.23234 0.28603
0.00653 -0.09555 0.31603
-0.00173 0.17723 -0.10452
-0.01107 0.36107 -0.01106
0.00610 0.35287 0.01127
-0.00570 0.05357 -0.09355
0.01356 0.02508 -0.05596
0.01266 0.03539 0.22092
0.01350 0.02580 0.09081
0.01314 0.02982 -0.08511
0.01620 -0.00506 -0.00455
0.01236 0.03877 -0.05923
0.01621 -0.00522 -0.05833
0.01425 0.01716 0.12573
0.01980 -0.04633 -0.27925
0.01237 0.03865 0.05213
0.01298 0.03174 0.17474
0.01337 0.02729 0.00893
0.01952 -0.04308 -0.25249
0.01333 0.02766 -0.03656
0.01414 0.01839 -0.04814
0.01483 0.01060 -0.05947
0.01918 -0.03914 -0.20878
0.01636 -0.00693 -0.05220
0.01407 0.01925 -0.06168
0.01168 0.04660 -0.05583
0.01443 0.01516 -0.17205
0.01857 -0.03223 -0.26398
0.01648 -0.00836 -0.08341
0.02021 -0.05090 -0.29209
0.01208 0.04202 0.19931
0.01941 -0.04183 -0.24418
0.01783 -0.02376 -0.12380
0.01444 0.01501 -0.01834
0.01498 0.00886 0.01989
0.01210 0.04176 -0.09337
0.01932 -0.04080 -0.24888
0.00040 0.21655 -0.08951
0.00040 0.20436 -0.08691
-0.01727 -0.01739 -0.27787
-0.01493 0.00939 -0.30129
-0.01459 0.01333 -0.29221
-0.01188 0.04423 -0.33545
-0.01740 -0.01883 -0.27053
-0.01380 0.02233 -0.20464
-0.01176 0.04569 -0.13528
-0.01171 0.04621 -0.19522
-0.01959 -0.04385 -0.31551
-0.01868 -0.03347 -0.27785
-0.01367 0.02382 -0.18186
-0.01471 0.01190 -0.21739
-0.01428 0.01683 -0.25138
-0.01320 0.02913 -0.31808
-0.01859 -0.03242 -0.29342
0.01050 0.07347 0.11760
0.00040 0.08938 0.11113
0.01066 0.31545 -0.06498
0.02097 -0.34503 0.25275
0.01223 -0.34209 0.25375
-0.00661 0.09501 0.11577
-0.01719 -0.12812 -0.30865
0.00723 0.24422 0.09835
-0.00099 -0.13815 0.30737
0.00516 0.29642 0.08544
-0.00041 0.06327 0.10583
0.00677 0.33101 -0.04125
-0.03721 -0.26591 0.27828
-0.03573 -0.35054 0.24456
-0.03612 -0.35503 -0.00226
-0.03594 -0.35296 -0.17760
0.00779 0.21874 0.08501
0.00040 0.30220 0.07805
0.00402 -0.05947 0.32165
-0.01011 0.22167 -0.09474
-0.01107 0.22975 0.08960
0.03971 -0.27381 0.00357
0.04060 -0.28397 0.10983
0.03989 -0.27587 0.25031
0.04098 -0.28838 0.21730
0.03869 -0.26217 0.02776
0.04122 -0.29111 0.19277
0.03450 -0.21430 -0.25046
0.04377 -0.32019 0.23505
0.04249 -0.30559 0.10290
0.03965 -0.27311 -0.01253
0.03642 -0.23624 -0.07403
0.03730 -0.24624 -0.04033
0.03691 -0.24184 -0.01124
0.03738 -0.24721 -0.07537
0.03847 -0.25962 0.12546
0.03789 -0.25300 -0.02863
0.03574 -0.22842 -0.13013
0.03957 -0.27219 0.20364
0.04045 -0.28231 0.11620
0.03542 -0.22475 -0.16055
0.04198 -0.29979 0.20511
0.04253 -0.30601 0.19908
0.03946 -0.27101 0.00999
0.03777 -0.25168 0.06614
0.04459 -0.32960 0.21074
-0.02841 -0.22569 -0.28793
-0.00041 0.21141 0.09124
-0.01107 0.05807 0.11910
0.01645 -0.24024 0.28426
0.01712 -0.25800 0.28024
-0.00104 0.05366 0.09439
-0.01125 -0.05555 0.32224
0.01089 0.30994 -0.05464
-0.03852 -0.26026 0.05197
-0.04270 -0.30805 0.19048
-0.04354 -0.31767 0.20475
-0.03964 -0.27298 0.07887
-0.04478 -0.33183 0.19365
-0.03767 -0.25056 -0.11762
-0.04191 -0.29898 0.19330
-0.04487 -0.33280 0.24126
-0.03881 -0.26350 0.03699
-0.04334 -0.31536 0.26008
-0.03711 -0.24411 -0.08244
-0.04260 -0.30684 0.10570
-0.03673 -0.23981 -0.06387
-0.04002 -0.27733 0.20081
-0.03914 -0.26730 0.01256
-0.03627 -0.23448 -0.18084
-0.04360 -0.31834 0.21809
-0.03909 -0.26679 -0.03606
-0.03844 -0.25928 0.04040
-0.04036 -0.28125 0.11350
-0.04107 -0.28935 0.20266
-0.04202 -0.30021 0.16321
-0.04353 -0.31753 0.18609
-0.04189 -0.29881 0.21190
-0.04065 -0.28462 0.08524
0.01838 -0.14346 0.30615
-0.04223 -0.36352 -0.20114
-0.04387 -0.36257 -0.11957
-0.03999 -0.36282 -0.11081
-0.03865 -0.36229 -0.04648
0.01106 0.24676 -0.07517
0.03540 -0.36291 -0.23649
0.00299 0.35227 0.04229
0.00606 0.17712 0.08862
-0.03310 -0.19829 0.28454
-0.03435 -0.21260 0.11065
-0.03437 -0.21280 -0.16652
-0.03621 -0.23385 -0.00939
-0.03435 -0.21252 -0.06470
-0.03740 -0.24745 0.25127
-0.03183 -0.18377 -0.02479
-0.02798 -0.13975 0.15333
-0.03503 -0.22038 -0.11030
-0.03446 -0.21385 -0.18085
-0.03595 -0.23088 0.03170
-0.03369 -0.20498 0.12801
-0.02722 -0.13104 0.20143
-0.02820 -0.14224 0.24061
-0.03763 -0.25010 0.19253
-0.03109 -0.17530 0.19006
-0.03575 -0.22858 0.04613
-0.02723 -0.13118 0.25105
-0.02912 -0.15278 0.11512
-0.03428 -0.21172 -0.19367
-0.03404 -0.20907 0.16545
-0.03367 -0.20480 0.10738
-0.03676 -0.24016 0.11887
-0.03378 -0.20609 -0.03880
-0.03421 -0.21092 0.06534
-0.03504 -0.22047 -0.18518
-0.02826 -0.14298 0.15998
-0.03387 -0.20707 0.23913
-0.03248 -0.19118 -0.07653
-0.03475 -0.21709 0.18271
-0.03512 -0.22140 -0.02041
-0.02792 -0.13906 0.17162
-0.03082 -0.17220 0.29872
-0.03328 -0.20035 0.03085
-0.03028 -0.16602 0.28989
-0.02985 -0.16115 0.29314
-0.02989 -0.16158 0.07057
-0.03171 -0.18241 0.24958
-0.03104 -0.17473 0.05520
-0.03499 -0.21983 -0.01398
-0.03298 -0.19689 -0.02612
-0.03858 -0.26092 0.26248
-0.03562 -0.22714 0.22440
-0.03352 -0.20311 -0.06798
-0.03288 -0.19581 0.21027
-0.03829 -0.25759 0.26582
-0.03474 -0.21703 0.19102
-0.03356 -0.20349 0.21717
-0.03861 -0.26123 0.26802
-0.03215 -0.18741 0.01270
-0.03357 -0.20366 -0.06260
-0.03247 -0.19109 0.24778
-0.03288 -0.19573 -0.07136
-0.03672 -0.23965 -0.01168
-0.02907 -0.15222 0.16655
-0.03056 -0.16929 -0.03970
-0.03767 -0.25055 0.15964
-0.00115 0.27702 -0.06685
0.00518 -0.00135 -0.12212
0.00703 -0.02256 -0.22923
0.00514 -0.00096 -0.15031
0.00651 -0.01665 -0.06009
0.00456 0.00563 -0.02218
0.00142 0.04157 -0.08062
0.00685 -0.02053 -0.20866
0.00186 0.03650 0.16449
0.00169 0.03851 0.06759
0.00322 0.02095 -0.11271
0.00521 -0.00173 -0.07519
0.00114 0.04481 0.26941
0.00260 0.02807 -0.08618
0.00089 0.04767 0.03423
0.00226 0.03200 -0.12135
0.00068 0.05006 0.16395
0.00312 0.02216 0.03815
0.00088 0.04777 -0.04430
0.00637 -0.01501 -0.19248
0.00885 -0.04337 -0.22810
0.00055 0.05156 -0.00708
0.00235 0.03090 -0.10954
0.00777 -0.03096 -0.19827
0.00530 -0.00279 -0.15474
0.00210 0.03377 0.22496
0.00293 0.02431 -0.03150
0.00693 -0.02136 -0.19916
0.00951 -0.05094 -0.26686
0.00419 0.00993 -0.18466
-0.00041 0.11440 -0.08718
-0.00041 0.05705 -0.10506
-0.00167 0.24176 0.08188
-0.01107 0.22549 0.09829
0.01670 -0.10363 0.31473
-0.00041 0.14536 0.09987
-0.01107 0.24324 0.08687
-0.00291 -0.06030 -0.32189
0.00256 0.01317 -0.33262
0.02085 -0.24078 0.28414
-0.00913 0.19046 -0.10282
0.01511 -0.20848 0.29145
0.00896 -0.17358 0.29935
0.00190 0.30597 -0.06854
0.03670 -0.36167 -0.00454
0.03647 -0.35900 0.04664
0.03620 -0.35596 -0.10648
0.00159 0.05285 0.17957
-0.00181 0.33776 0.05973
-0.00193 0.08822 0.09144
-0.00417 0.01012 0.27124
-0.00825 -0.03646 0.03167
-0.00779 -0.03120 -0.02734
-0.00745 -0.02733 -0.01298
-0.00987 -0.05504 -0.10505
-0.00759 -0.02890 0.06714
-0.01132 -0.07164 -0.16880
-0.00958 -0.05170 0.02003
-0.01036 -0.06059 0.05275
-0.00695 -0.02159 0.25844
-0.00687 -0.02077 -0.00718
-0.00917 -0.04701 0.05490
-0.00811 -0.03494 -0.15749
-0.01113 -0.06941 -0.02809
-0.01011 -0.05780 0.17171
-0.00270 0.02691 0.26949
-0.01114 -0.06950 0.19300
-0.00511 -0.00056 0.24139
-0.00658 -0.01742 0.19315
-0.01117 -0.06987 -0.09088
-0.00819 -0.03581 0.08824
-0.01129 -0.07128 0.17469
-0.00920 -0.04738 -0.17356
-0.01221 -0.08176 0.12992
-0.01281 -0.08858 0.05003
-0.01194 -0.07863 0.19505
-0.01032 -0.06011 -0.03273
-0.00589 -0.00956 0.32650
-0.00883 -0.04311 0.01608
-0.00184 0.03677 0.26196
-0.01126 -0.07085 -0.11274
-0.00427 0.00905 0.24851
-0.00771 -0.03029 0.19990
-0.00648 -0.01625 0.25738
-0.00612 -0.01218 0.09402
-0.00942 -0.04993 -0.24085
-0.00291 0.02460 0.20000
-0.00989 -0.05520 0.03837
-0.01022 -0.05903 -0.20361
-0.01401 -0.10238 0.27781
-0.00387 0.01357 0.15970
-0.00687 -0.02067 0.04476
-0.01313 -0.09232 0.27240
-0.01028 -0.05972 0.28964
-0.00969 -0.05297 -0.02830
-0.01037 -0.06072 0.10969
-0.00937 -0.04931 -0.18928
-0.00876 -0.04236 0.02989
-0.00889 -0.04384 0.05168
-0.01186 -0.07771 0.01992
-0.00922 -0.04760 0.10727
-0.00927 -0.04817 0.20624
-0.00925 -0.04795 0.24863
-0.00750 -0.02795 0.28265
-0.00798 -0.03340 0.27220
-0.00646 -0.01604 0.01969
-0.00892 -0.04419 -0.20279
-0.01068 -0.06423 -0.05535
-0.00668 -0.01858 0.00675
-0.00352 0.01758 0.19287
-0.00988 -0.05517 0.10858
-0.00454 0.00594 0.15900
0.00064 -0.11095 -0.31206
0.01526 -0.15302 -0.30374
-0.00350 0.19236 0.10751
-0.03229 -0.35919 -0.24221
-0.00604 0.05324 0.28129
-0.00121 0.05282 0.25933
-0.00389 0.05305 0.27109
0.01088 0.05361 0.01628
0.00847 0.05341 0.03103
0.01658 -0.18222 -0.29797
-0.01078 -0.08013 -0.31816
0.01375 -0.19410 -0.29562
-0.01067 -0.14589 -0.30515
-0.00320 0.27363 -0.06785
-0.01107 0.09998 -0.09641
-0.01107 0.11214 -0.09113
0.00390 0.01317 -0.21959
0.00478 0.00316 -0.22052
0.00817 -0.03561 -0.28267
0.00384 0.01390 -0.32410
0.00274 0.02646 -0.23409
0.00190 0.03604 -0.21131
0.00699 -0.02212 -0.30128
0.00292 0.02439 -0.25426
0.00567 -0.00702 -0.29129
0.00329 0.02021 -0.28099
0.00695 -0.02160 -0.31480
0.00399 0.01224 -0.20274
0.00736 -0.02633 -0.27532
0.00179 0.03736 -0.23985
0.00199 0.03503 -0.30662
-0.02447 -0.22192 0.00445
-0.02333 -0.20887 -0.24448
-0.01691 -0.13544 0.28993
-0.02152 -0.18815 0.07881
-0.01699 -0.13638 0.27994
-0.02542 -0.23272 0.06807
-0.02088 -0.18083 0.20661
-0.02531 -0.23151 0.27580
-0.02257 -0.20014 0.10800
-0.01790 -0.14683 0.24245
-0.02171 -0.19037 -0.16193
-0.02441 -0.22115 0.15432
-0.02203 -0.19401 0.16263
-0.02386 -0.21494 -0.02471
-0.02534 -0.23189 0.07701
-0.02255 -0.19998 -0.02431
-0.02273 -0.20200 -0.15023
-0.02444 -0.22154 -0.10097
-0.02624 -0.24207 0.05260
-0.02093 -0.18147 -0.01816
-0.02386 -0.21486 0.11329
-0.02840 -0.26675 0.22029
-0.02328 -0.20833 -0.17213
-0.02726 -0.25379 0.12553
-0.01503 -0.11394 0.29183
-0.02102 -0.18249 0.15667
-0.02166 -0.18972 -0.14574
-0.02228 -0.19684 0.10378
-0.02540 -0.23249 0.08255
-0.02385 -0.21477 0.22890
-0.02115 -0.18400 0.20467
-0.02431 -0.22001 0.13724
-0.02675 -0.24799 0.20789
-0.01847 -0.15332 0.27457
-0.01872 -0.15616 0.07561
-0.02529 -0.23123 0.05507
-0.02267 -0.20128 0.06702
-0.02404 -0.21697 -0.19733
-0.02183 -0.19168 -0.14913
-0.01912 -0.16076 0.20344
-0.02004 -0.17129 0.29194
-0.02390 -0.21535 0.09148
-0.02473 -0.22482 0.01328
-0.02469 -0.22435 0.18472
-0.02512 -0.22937 0.04335
-0.02080 -0.17991 0.22283
-0.02667 -0.24707 0.22807
-0.02399 -0.21643 0.11890
-0.02742 -0.25555 0.26057
-0.02201 -0.19377 -0.01011
-0.02503 -0.22824 0.13553
-0.02591 -0.23839 0.11210
-0.02629 -0.24269 0.27989
-0.01584 -0.12327 0.26737
-0.02365 -0.21250 0.08301
-0.01800 -0.14789 0.08243
-0.02180 -0.19138 -0.05920
-0.02243 -0.19855 -0.00020
0.02898 -0.27348 -0.11615
0.03522 -0.34475 0.17476
0.03417 -0.33271 -0.14012
0.03443 -0.33571 -0.01237
0.03522 -0.34473 0.17099
0.03328 -0.32254 0.06167
0.02683 -0.24891 -0.15438
0.02670 -0.24740 -0.19081
0.03232 -0.31161 -0.19650
0.03254 -0.31414 -0.16829
0.02925 -0.27651 -0.10268
0.03311 -0.32059 0.13385
0.02780 -0.25997 -0.23588
0.02963 -0.28091 -0.06207
0.03305 -0.31994 -0.14871
0.02748 -0.25628 -0.19799
0.03377 -0.32822 -0.14069
0.03493 -0.34148 0.02331
0.03492 -0.34133 -0.21017
0.03155 -0.30286 0.00325
0.03465 -0.33819 -0.20426
0.02870 -0.27022 -0.19539
0.03374 -0.32790 -0.12558
0.03348 -0.32485 0.03727
0.02688 -0.24943 -0.26563
0.03103 -0.29685 -0.08666
0.03397 -0.33042 -0.14437
0.03187 -0.30643 -0.05115
0.03315 -0.32107 -0.22981
0.02976 -0.28231 -0.11968
0.03208 -0.30890 0.03009
0.02932 -0.27734 -0.26180
0.02668 -0.24716 -0.23946
0.03109 -0.29751 -0.22591
0.03227 -0.31099 -0.14798
0.02847 -0.26756 -0.21239
0.02390 -0.21540 -0.27770
0.03520 -0.34458 -0.13496
0.03534 -0.34616 -0.24922
0.03264 -0.31525 -0.01370
0.03482 -0.34024 -0.12800
0.03494 -0.34153 -0.20086
0.02993 -0.28429 -0.15666
0.03034 -0.28902 0.01509
0.02711 -0.25206 -0.20965
0.03008 -0.28607 -0.20292
-0.00509 0.33056 -0.04164
0.00850 -0.06047 0.32149
-0.00041 0.22024 -0.07559
-0.00041 0.24499 -0.07528
-0.00041 0.19110 0.09265
-0.00403 0.06281 -0.08960
0.01106 0.11013 0.10715
-0.01107 0.13893 0.09820
-0.01107 0.28282 -0.07575
0.03581 -0.35150 -0.05677
0.03567 -0.34994 0.19649
0.03592 -0.35274 0.06945
0.03228 -0.31120 0.04519
0.03115 -0.29830 -0.13535
0.02474 -0.22494 -0.25929
0.03032 -0.28871 -0.15102
0.03325 -0.32229 -0.04626
0.03340 -0.32393 0.13945
0.03509 -0.34327 0.00074
0.03090 -0.29543 -0.18987
0.03014 -0.28675 -0.04549
0.02479 -0.22555 -0.26687
0.03212 -0.30929 -0.11909
0.03197 -0.30766 -0.16422
0.03177 -0.30527 -0.18986
0.02885 -0.27201 -0.21461
0.03583 -0.35168 -0.16498
0.03578 -0.35115 -0.12429
0.03413 -0.33235 0.09012
0.03513 -0.34371 0.02693
0.03400 -0.33082 -0.17188
0.02963 -0.28092 -0.16730
0.03403 -0.33117 0.14284
0.02883 -0.27175 -0.18263
0.03443 -0.33578 -0.17931
0.03127 -0.29957 -0.14277
0.03146 -0.30176 -0.08195
0.02567 -0.23563 -0.22748
0.02868 -0.27006 -0.25037
0.03493 -0.34142 -0.16337
0.03583 -0.35168 -0.17983
0.03401 -0.33095 -0.23545
0.03364 -0.32665 0.00161
0.03256 -0.31441 0.00734
0.03507 -0.34306 0.21187
0.03489 -0.34094 -0.02656
0.02748 -0.25634 -0.16095
0.03411 -0.33212 -0.18971
0.03149 -0.30216 -0.02769
0.03538 -0.34664 0.20503
0.02662 -0.24652 -0.20188
0.03468 -0.33854 0.19282
0.02837 -0.26648 -0.23882
0.03059 -0.29183 -0.19499
-0.01107 0.26578 0.08057
-0.02242 -0.36218 -0.01815
0.00305 -0.36128 0.07245
0.00468 -0.36109 0.09168
-0.00662 -0.36000 0.20217
-0.02120 -0.36250 -0.05042
0.00775 -0.36062 0.13909
-0.00139 -0.36171 0.02891
-0.00211 -0.36165 0.03502
-0.02584 -0.36358 -0.15990
0.03007 -0.35977 0.22533
-0.00528 -0.35982 0.21994
0.00547 -0.35973 0.22934
-0.01748 -0.36249 -0.04973
-0.02442 -0.36201 -0.00141
-0.03068 -0.36336 -0.13746
-0.02383 -0.35990 0.21168
-0.03116 -0.36195 0.00498
-0.01482 -0.36140 0.06036
-0.03524 -0.36173 0.02660
-0.02137 -0.36072 0.12965
0.02594 -0.11642 0.21671
0.03153 -0.18033 -0.21654
0.02694 -0.12790 0.11247
0.02515 -0.10743 -0.04559
0.02319 -0.08500 -0.22173
0.02537 -0.10991 0.21839
0.02363 -0.09010 -0.29284
0.02223 -0.07405 -0.25250
0.02910 -0.15258 -0.09605
0.02344 -0.08783 -0.12005
0.02425 -0.09708 -0.01613
0.03236 -0.18986 -0.19497
0.02521 -0.10813 -0.03348
0.03358 -0.20381 -0.28015
0.02679 -0.12615 -0.01066
0.02623 -0.11974 -0.07771
0.02663 -0.12430 -0.10420
0.02669 -0.12498 -0.27424
0.02490 -0.10457 0.01186
0.02228 -0.07461 -0.16446
0.02582 -0.11502 -0.02184
0.02971 -0.15951 -0.00969
0.02360 -0.08975 -0.11233
0.02523 -0.10830 -0.10380
0.02861 -0.14693 -0.24174
0.03150 -0.17997 -0.19019
0.02480 -0.10344 -0.13591
0.02982 -0.16080 -0.29985
0.02969 -0.15936 -0.17050
0.02855 -0.14628 -0.08615
0.02361 -0.08984 -0.13066
0.02981 -0.16068 -0.13309
0.02613 -0.11864 0.14243
0.02599 -0.11706 0.24224
0.02537 -0.10998 0.06827
0.02423 -0.09695 -0.04761
0.02776 -0.13729 -0.25805
0.02876 -0.14865 -0.12716
0.03149 -0.17984 -0.29075
0.02617 -0.11902 0.14706
0.02560 -0.11251 0.24868
0.02546 -0.11095 -0.27919
0.02511 -0.10701 -0.26096
0.02858 -0.14666 -0.15154
0.02726 -0.13151 -0.04167
0.02686 -0.12700 0.12462
0.02553 -0.11172 -0.24920
0.03232 -0.18935 -0.20695
0.02704 -0.12903 -0.30388
0.02930 -0.15488 -0.10003
0.02217 -0.07341 -0.22335
0.02382 -0.09225 -0.25721
0.02548 -0.11117 0.12331
0.02422 -0.09684 -0.26925
0.02843 -0.23388 0.28565
0.02573 -0.20795 -0.29284
-0.00041 0.15920 -0.08366
-0.00041 0.34660 -0.03883
-0.00409 0.01100 -0.18763
-0.00612 -0.01215 -0.16787
-0.00563 -0.00649 -0.07035
-0.00157 0.03992 0.16378
-0.00213 0.03344 0.14839
-0.00376 0.01478 0.00942
-0.00613 -0.01231 -0.20340
-0.00414 0.01047 -0.06127
-0.00343 0.01862 -0.05290
-0.00851 -0.03951 -0.20741
-0.00379 0.01444 -0.07951
-0.00610 -0.01197 -0.15014
-0.00082 0.04843 0.15058
-0.00204 0.03446 0.18165
-0.00367 0.01584 -0.17365
-0.00321 0.02108 0.07159
-0.00753 -0.02821 -0.16222
-0.00256 0.02859 0.00931
-0.00287 0.02495 0.06801
-0.00094 0.04704 -0.10362
-0.00421 0.00964 0.05966
-0.00105 0.04581 -0.01537
-0.00534 -0.00325 -0.19164
-0.00532 -0.00296 0.00643
-0.00782 -0.03153 -0.24816
-0.00366 0.01596 0.03252
-0.00246 0.02972 0.03329
-0.00698 -0.02197 -0.11972
-0.00259 0.02822 0.11317
-0.00155 0.04008 -0.13429
-0.00830 -0.28231 0.27394
0.00254 0.08254 0.11683
-0.01107 0.23878 -0.08135
-0.01107 0.18875 -0.09211
-0.01023 0.34982 0.02475
0.00663 -0.08128 -0.31793
0.01933 -0.17949 -0.29851
-0.00315 0.15680 0.11053
0.01551 -0.11950 0.00827
0.01693 -0.13571 0.10065
0.01409 -0.10327 -0.20075
0.01315 -0.09251 -0.29096
0.01678 -0.13396 -0.03633
0.01585 -0.12340 0.18583
0.02109 -0.18331 -0.23623
0.01709 -0.13751 -0.06157
0.01752 -0.14251 -0.07448
0.01616 -0.12696 -0.18869
0.02057 -0.17729 -0.11387
0.01306 -0.09145 -0.31013
0.01887 -0.15791 -0.11476
0.02054 -0.17693 -0.11748
0.01490 -0.11253 -0.02624
0.01435 -0.10627 -0.25014
0.01337 -0.09502 -0.10967
0.01333 -0.09461 0.08444
0.01350 -0.09650 0.09581
0.01364 -0.09808 0.02217
0.02060 -0.17761 -0.20508
0.01470 -0.11022 0.21458
0.01384 -0.10044 -0.00474
0.01401 -0.10237 0.03781
0.01675 -0.13367 -0.08752
0.02209 -0.19465 -0.27154
0.01347 -0.09612 -0.16168
0.01591 -0.12411 -0.05388
0.01307 -0.09162 0.04100
0.01424 -0.10497 -0.22607
0.01627 -0.12813 -0.01258
0.01224 -0.08205 -0.20398
0.01454 -0.10835 -0.23603
0.01617 -0.12707 0.05376
0.01416 -0.10408 0.15227
0.01199 -0.07927 -0.13429
0.01325 -0.09364 0.02756
0.01466 -0.10979 -0.21203
0.01168 -0.07572 -0.29376
0.01635 -0.12914 0.17191
0.01646 -0.13038 0.08450
0.01380 -0.09998 -0.24999
0.01828 -0.15111 -0.04475
0.02053 -0.17690 -0.10214
0.02132 -0.18584 -0.28039
0.01234 -0.08325 -0.11148
0.01606 -0.12582 0.06125
0.01600 -0.12506 -0.26707
0.01360 -0.09770 0.09977
0.01734 -0.14036 -0.04416
0.01601 -0.12523 -0.19350
0.02192 -0.19272 -0.25967
0.01852 -0.15389 0.00249
0.01516 -0.11542 0.19355
0.01668 -0.13284 -0.01662
0.01669 -0.13299 -0.18510
-0.02723 -0.13119 -0.04276
-0.02913 -0.15290 0.03899
-0.03125 -0.17710 -0.11037
-0.02687 -0.12702 0.05984
-0.03195 -0.18520 -0.21873
-0.02951 -0.15726 -0.17402
-0.02701 -0.12864 -0.25500
-0.02674 -0.12562 -0.29796
-0.02498 -0.10542 0.14971
-0.02202 -0.07164 -0.24974
-0.02789 -0.13871 -0.15235
-0.03180 -0.18341 -0.18145
-0.02911 -0.15269 -0.20995
-0.02726 -0.13150 -0.16597
-0.02394 -0.09362 -0.23627
-0.02432 -0.09794 -0.30454
-0.02691 -0.12757 -0.23933
-0.03110 -0.17540 -0.27254
-0.02490 -0.10461 0.17015
-0.03148 -0.17975 -0.11964
-0.02411 -0.09548 -0.00874
-0.02279 -0.08044 -0.28319
-0.02381 -0.09211 -0.07870
-0.02979 -0.16044 -0.13672
-0.02263 -0.07860 -0.19525
-0.02687 -0.12707 -0.19886
-0.02703 -0.12887 0.18559
-0.02470 -0.10230 0.03433
-0.02987 -0.16133 -0.15505
-0.02772 -0.13681 -0.01971
-0.03098 -0.17409 -0.12228
-0.03387 -0.20708 -0.28965
-0.03155 -0.18055 -0.24122
-0.02639 -0.12164 -0.14241
-0.02477 -0.10304 -0.01335
-0.02853 -0.14610 -0.19034
-0.02344 -0.08788 -0.22535
-0.02452 -0.10021 -0.30882
-0.02970 -0.15944 -0.06164
-0.02262 -0.07845 -0.24478
-0.02937 -0.15567 -0.01990
-0.02253 -0.07747 -0.20160
-0.02736 -0.13264 -0.15841
-0.02817 -0.14198 -0.14207
-0.02425 -0.09713 0.14138
-0.02606 -0.11777 0.10690
-0.02607 -0.11794 0.24561
-0.03249 -0.19133 -0.23600
-0.02341 -0.08757 -0.17498
-0.02467 -0.10190 0.11049
-0.02703 -0.12894 -0.21042
-0.02447 -0.09959 0.06840
-0.02747 -0.13397 -0.27617
-0.03138 -0.17864 -0.13979
0.00901 0.15070 -0.08209
0.01106 0.10638 0.09819
0.01106 0.07031 0.10097
0.04714 -0.35879 0.06644
0.04697 -0.35684 -0.19226
0.04671 -0.35380 -0.24824
0.04701 -0.35729 -0.01985
0.04048 -0.30988 0.26439
0.01074 -0.06496 0.13749
0.00922 -0.04761 0.05006
0.00792 -0.03271 0.20440
0.00774 -0.03067 0.24271
0.01073 -0.06482 -0.14238
0.00859 -0.04036 0.20847
0.00679 -0.01976 0.17115
0.00899 -0.04494 -0.19300
0.00948 -0.05056 -0.06971
0.01410 -0.10331 0.22971
0.01316 -0.09265 0.30329
0.00524 -0.00209 0.16978
0.00783 -0.03167 0.31870
0.00286 0.02509 0.25914
0.00264 0.02764 0.31056
0.01033 -0.06031 0.05135
0.00614 -0.01237 0.19567
0.01052 -0.06250 0.14084
0.00553 -0.00542 0.29093
0.00309 0.02244 0.28370
0.00621 -0.01319 0.27510
0.01263 -0.08658 0.25336
0.00443 0.00714 0.24372
0.00647 -0.01618 0.20125
0.01079 -0.06555 -0.11693
0.00952 -0.05100 0.19093
0.00600 -0.01082 0.01890
0.00799 -0.03355 -0.01938
0.00890 -0.04395 -0.19787
0.00950 -0.05083 0.26378
0.01058 -0.06315 0.08398
0.00366 0.01601 0.21656
0.00341 0.01883 0.29771
0.00696 -0.02170 0.13488
0.00971 -0.05318 0.18673
0.01077 -0.06529 -0.10324
0.00905 -0.04570 0.32194
0.00545 -0.00452 0.16179
0.01020 -0.05880 0.14933
0.01274 -0.08778 0.27875
0.01060 -0.06340 0.01243
0.00913 -0.04653 -0.08890
0.01378 -0.09974 0.18425
0.00967 -0.05268 -0.23335
0.00149 0.04072 0.28813
0.00823 -0.03628 0.21828
0.01252 -0.08529 0.23990
0.00902 -0.04527 0.01032
0.01119 -0.07016 -0.17904
0.00451 0.00627 0.25295
0.01329 -0.09415 0.19888
0.00728 -0.02541 -0.00068
0.00580 -0.00852 0.27927
0.00612 -0.01215 0.20029
0.00631 -0.01436 0.05306
0.01051 -0.06228 0.31412
0.00766 -0.02974 -0.04927
0.01291 -0.08972 0.05154
0.00244 0.02986 0.28319
-0.00780 0.05344 -0.12241
-0.00122 0.05471 -0.20156
0.02371 -0.11023 0.31351
-0.00322 0.25506 0.09582
0.01106 0.26393 0.07870
0.00048 0.11970 -0.11001
0.04641 -0.35038 0.19743
0.04666 -0.35330 -0.08470
0.04676 -0.35442 -0.06538
0.01484 -0.04002 -0.32477
