-0.05772 -0.08246 0.15647
-0.05857 0.37012 -0.00134
-0.05217 -0.06474 -0.18747
-0.05232 -0.06298 -0.20512
0.05493 0.36359 -0.00112
-0.05648 0.36832 -0.00687
-0.00940 -0.12297 0.31407
0.06099 0.35133 -0.05403
0.05850 -0.03242 -0.16893
0.05968 0.01029 0.26597
-0.02730 -0.37001 -0.12136
-0.05425 -0.02648 -0.01494
-0.05422 -0.02783 -0.03809
-0.05441 -0.01836 -0.06831
-0.05449 -0.01451 -0.05962
-0.05399 -0.03980 -0.07599
-0.05427 -0.02542 -0.09217
-0.05395 -0.04177 -0.05071
-0.00867 -0.29214 -0.31791
-0.01234 -0.15734 -0.32087
-0.01166 -0.26984 -0.31741
-0.05496 0.36228 -0.01354
-0.02799 -0.36479 0.18352
0.05931 -0.02575 -0.14738
-0.05478 -0.11032 -0.15580
-0.05421 -0.03993 0.15577
-0.05555 -0.09931 0.12652
0.05940 0.04912 -0.15315
-0.04343 -0.17131 0.22771
-0.04483 -0.15432 0.21373
-0.03810 -0.23634 0.23106
-0.04488 -0.15361 0.19236
-0.04649 -0.13408 0.19290
-0.04239 -0.18407 0.21604
-0.03966 -0.21726 0.21984
-0.04167 -0.19282 0.22853
-0.04563 -0.14450 0.19906
-0.04386 -0.16612 0.22844
-0.04723 -0.12499 0.16163
-0.03705 -0.24909 0.24878
-0.04484 -0.15415 0.18529
-0.03755 -0.24303 0.24954
-0.04654 -0.13343 0.20875
-0.04359 -0.16943 0.20641
-0.04699 -0.12793 0.17245
-0.05574 -0.00871 -0.15840
-0.03689 -0.00689 -0.29268
-0.03840 -0.13214 -0.28905
0.05796 0.01153 -0.16778
0.05793 0.00972 -0.22698
0.03031 -0.36843 0.01906
0.03023 -0.36461 -0.25835
0.05732 0.02961 -0.13973
-0.01368 -0.10361 -0.32210
-0.02121 -0.05335 -0.32066
-0.01904 -0.09991 -0.32001
-0.01590 -0.26162 -0.31593
-0.01364 -0.14311 -0.32081
-0.05977 0.13461 -0.14161
0.05891 -0.02755 -0.16351
-0.06073 0.03553 0.15051
-0.05509 -0.10647 -0.14583
-0.06025 0.07496 0.14723
-0.05105 -0.03386 -0.27796
-0.04909 -0.04912 -0.28496
-0.04473 -0.12652 -0.27842
-0.04300 -0.13642 -0.28647
-0.05382 0.00409 -0.27636
-0.06021 0.27655 0.11958
-0.01656 -0.14463 0.31124
-0.06110 0.14554 -0.13217
0.06113 -0.00552 0.15121
-0.05164 -0.07124 -0.08852
-0.05038 -0.08653 -0.00531
-0.04970 -0.09487 0.09411
-0.04970 -0.09483 0.03785
-0.05180 -0.06926 -0.06759
-0.05252 -0.06048 -0.10488
-0.05271 -0.05821 -0.09727
-0.05215 -0.06502 -0.09229
-0.05081 -0.08129 -0.05178
-0.05084 -0.08101 0.03309
-0.04965 -0.09552 0.10445
-0.05074 -0.08225 0.03939
-0.06108 0.32680 -0.08650
0.03819 -0.01485 0.29526
-0.05647 0.00964 -0.02089
0.05824 0.00835 -0.16112
0.05625 0.03699 -0.15401
0.03838 -0.25760 -0.17222
0.04827 -0.12122 -0.23658
0.05780 0.01005 0.12164
0.05379 -0.04524 -0.24699
0.03533 -0.29960 -0.20145
0.04652 -0.14538 -0.23100
0.04108 -0.22036 -0.12308
0.04866 -0.11588 -0.10981
0.03210 -0.34419 -0.28205
0.05245 -0.06364 -0.11048
0.03558 -0.29616 -0.26683
0.03697 -0.27699 -0.21264
0.04106 -0.22068 -0.11828
0.04733 -0.13422 0.00599
0.04731 -0.13448 -0.09853
0.05040 -0.09191 0.05278
0.05668 -0.00538 0.15539
0.05090 -0.08507 -0.01385
0.04139 -0.21609 -0.19119
0.05628 -0.01091 -0.20179
0.04246 -0.20131 -0.25618
0.05080 -0.08643 0.11014
0.03677 -0.27977 -0.19856
0.05432 -0.03789 -0.02070
0.05488 -0.03018 0.13473
0.04391 -0.18132 -0.11628
0.05551 -0.02145 -0.09467
0.04715 -0.13668 -0.12412
0.05018 -0.09500 -0.01586
0.04449 -0.17340 -0.12250
0.04798 -0.12526 -0.17627
0.05769 0.00852 0.05036
0.03748 -0.26997 -0.27247
0.03890 -0.25042 -0.16428
0.05483 -0.03090 0.05405
0.05184 -0.07207 0.09560
0.03899 -0.24914 -0.15313
0.03972 -0.23911 -0.22309
0.05693 -0.00192 0.18136
0.04624 -0.14929 -0.23286
0.05767 0.00823 0.17675
0.04967 -0.10200 -0.24111
0.04708 -0.13773 -0.02653
0.05216 -0.06765 0.08080
0.04705 -0.13805 -0.10805
0.03808 -0.26173 -0.14796
0.05390 -0.04369 -0.03398
0.03175 -0.34900 -0.26226
0.05777 0.00968 0.22925
0.05183 -0.07225 -0.16490
0.04774 -0.12863 -0.27356
0.05685 -0.00296 -0.20650
0.05692 -0.00210 -0.04838
0.05501 -0.02833 0.00147
0.04908 -0.11013 -0.15001
0.04698 -0.13910 -0.26436
0.05720 0.00183 0.11237
0.03891 -0.25022 -0.25081
0.04299 -0.19407 -0.19976
0.04435 -0.17525 -0.11245
0.05011 -0.09593 0.05435
0.03612 -0.28867 -0.23203
0.04630 -0.14839 0.02039
0.05316 -0.05386 -0.14965
0.04117 -0.21909 -0.16229
0.04149 -0.21469 -0.12166
0.04890 -0.11266 0.00035
0.05418 -0.03982 0.19463
0.05786 0.01093 -0.11298
0.04220 -0.20500 -0.21475
0.05533 -0.02404 0.15969
0.05026 -0.09388 -0.26842
0.04027 -0.23148 -0.21836
0.05595 -0.01548 -0.20538
0.04627 -0.14887 0.03407
0.05548 -0.02194 0.12197
0.05550 -0.02159 -0.04036
0.05007 -0.09653 -0.20610
0.04592 -0.15368 -0.14307
0.04932 -0.10687 0.08685
0.04444 -0.17407 -0.19311
0.05304 -0.05553 -0.24994
0.04085 -0.22358 -0.12616
0.05575 -0.01823 0.20936
0.04975 -0.10090 -0.18780
0.04287 -0.19572 -0.09428
0.05067 -0.08815 -0.02292
0.05548 -0.02192 -0.14412
0.05752 0.00627 -0.24803
0.05468 -0.03288 0.12094
0.05613 -0.01301 0.17148
0.05733 0.00355 -0.09552
0.03841 -0.25722 -0.18819
0.05448 -0.03569 0.11343
0.04618 -0.15005 -0.12823
0.04308 -0.19284 -0.07004
0.05340 -0.05062 -0.17187
0.03941 -0.24341 -0.21718
0.05091 -0.08488 -0.22689
0.04373 -0.18386 -0.09473
0.05409 -0.04103 0.07113
0.04943 -0.10533 -0.18149
0.04698 -0.13904 -0.07068
0.05460 -0.03397 0.05059
0.03453 -0.31059 -0.24275
0.03624 -0.28713 -0.22588
0.03666 -0.28125 -0.22759
0.04393 -0.18114 -0.02052
0.05085 -0.08572 -0.18959
0.05389 -0.04377 0.15443
0.05445 -0.03612 -0.17048
0.05780 0.01003 0.01972
0.05757 0.00693 -0.02930
0.05478 -0.03156 0.02583
0.03872 -0.25286 -0.25985
0.04428 -0.17629 -0.00758
0.05613 -0.01292 -0.11506
0.04490 -0.16779 -0.19193
0.04166 -0.21233 -0.23816
0.04505 -0.16567 -0.09120
0.05596 -0.01530 -0.01342
0.04722 -0.13569 -0.13368
0.04344 -0.18785 -0.19638
0.04378 -0.18323 -0.20550
0.05643 -0.00878 -0.22622
0.05257 -0.06195 0.01912
0.04747 -0.13230 -0.11371
0.03691 -0.27787 -0.23583
0.03336 -0.32676 -0.25916
0.03679 -0.27944 -0.18277
0.05666 -0.00563 0.02716
0.03927 -0.24527 -0.18351
0.03593 -0.29135 -0.24073
0.05182 -0.07241 -0.13996
0.05611 -0.01316 -0.16110
0.05768 0.00836 -0.14607
0.05630 -0.01058 0.05937
0.05580 -0.01755 0.09785
0.04933 -0.10663 -0.06423
0.05612 -0.01307 -0.23233
0.04707 -0.13778 -0.05465
0.04657 -0.14471 -0.07423
0.04674 -0.14237 -0.00568
0.05273 -0.05987 0.02811
0.03941 -0.24337 -0.15806
0.04220 -0.20492 -0.22521
0.05039 -0.09211 0.02238
0.05361 -0.04774 -0.01907
0.04289 -0.19539 -0.05444
0.05745 0.00519 0.03890
0.04711 -0.13722 -0.23750
0.05238 -0.06458 -0.04301
0.05602 -0.01443 -0.24221
0.05075 -0.08703 -0.07705
0.04315 -0.19180 -0.08316
0.05212 -0.06818 -0.14453
0.04802 -0.12466 0.02632
0.05417 -0.03991 -0.26146
0.03665 -0.28137 -0.22183
0.04821 -0.12205 -0.21901
0.04841 -0.11935 -0.25791
0.04856 -0.11723 0.05054
0.04327 -0.19023 -0.27745
0.04664 -0.14377 -0.04632
0.05392 -0.04345 -0.08951
0.05037 -0.09232 -0.00745
0.05283 -0.05849 -0.19557
0.05761 0.00744 -0.06536
0.05516 -0.02637 -0.17281
0.04932 -0.10682 0.04253
0.04959 -0.10315 0.06254
0.05225 -0.06640 -0.18342
0.04622 -0.14948 -0.17131
0.04533 -0.16182 0.00189
0.05316 -0.05382 0.14716
0.04268 -0.19831 -0.19718
0.05006 -0.09660 -0.14750
0.05518 -0.02611 -0.25549
0.04487 -0.16819 -0.08641
0.04850 -0.11805 -0.09788
0.03483 -0.30646 -0.24904
0.03986 -0.23716 -0.14163
0.05289 -0.05765 0.00684
0.05473 -0.03230 0.01043
0.05353 -0.04878 0.17733
0.04375 -0.18359 -0.05815
0.05438 -0.03703 -0.10862
0.03797 -0.26327 -0.17507
0.04277 -0.19707 -0.13522
0.04699 -0.13889 -0.24357
0.04783 -0.12731 -0.20762
0.04291 -0.19520 -0.11891
0.03175 -0.34901 -0.28230
0.04097 -0.22192 -0.18259
0.05743 0.00490 -0.08439
0.05473 -0.03223 -0.22106
0.03995 -0.23594 -0.15439
0.04784 -0.12721 -0.10486
0.04848 -0.11842 -0.18642
0.05371 -0.04635 -0.17588
0.04037 -0.23009 -0.16742
0.05776 0.00953 0.10354
0.04516 -0.16418 -0.00474
0.05516 0.00364 -0.14803
0.05275 -0.04409 -0.28243
0.05390 -0.04122 -0.27518
0.05618 0.00650 -0.28221
0.04786 -0.11843 -0.28156
0.05281 -0.03947 -0.28433
-0.06112 0.34118 -0.06448
0.00863 -0.12461 -0.32336
0.00342 -0.01819 -0.32701
0.01538 -0.00083 -0.32592
0.00930 -0.29916 -0.31842
0.01004 -0.20747 -0.32087
-0.05603 -0.09498 0.13934
-0.05141 -0.07402 0.16153
-0.05095 -0.07959 0.13796
-0.05199 -0.06692 0.15590
-0.05315 -0.05283 0.13481
-0.02742 -0.36996 -0.13542
-0.03636 -0.19160 -0.29705
-0.04837 0.00007 -0.29583
-0.04168 -0.12431 -0.29396
-0.04884 -0.03073 -0.29024
0.05632 0.27279 -0.10830
0.06041 0.25911 -0.11378
-0.04833 -0.11157 -0.20264
-0.04753 -0.12131 -0.21181
0.04829 -0.12044 0.15812
0.05944 0.17586 -0.13709
-0.05673 0.01034 -0.18473
-0.05661 0.03603 0.15422
0.05996 0.03497 0.14055
-0.04997 -0.10433 -0.18244
0.00804 -0.06537 0.31464
-0.02738 -0.36439 0.05293
0.01310 -0.13488 0.32225
0.00889 -0.18490 0.32133
0.00564 -0.15661 0.32259
0.01162 0.00249 0.32649
0.01160 -0.07055 0.32434
0.01002 -0.21027 0.32043
0.05843 0.01364 0.13383
0.06116 0.20913 0.12500
0.04479 -0.14029 -0.27600
0.04518 -0.11313 -0.27306
0.06068 0.29392 -0.10315
-0.02307 -0.36881 -0.05328
-0.02484 -0.37019 -0.03755
0.05487 0.35687 0.03483
-0.05534 0.36026 -0.03543
0.05470 -0.03386 -0.16441
-0.00581 -0.36875 0.08193
0.01659 -0.36875 0.21078
0.02163 -0.36875 0.22062
0.00103 -0.36875 0.05821
0.02457 -0.36875 0.01477
0.00748 -0.36875 0.06024
0.00821 -0.36875 0.11847
0.02416 -0.36875 0.03838
0.00042 -0.36875 0.04879
0.00523 -0.36875 0.09916
-0.00643 -0.36875 0.07255
0.02348 -0.36875 0.19742
-0.01004 -0.36875 0.06201
0.00028 -0.36875 0.09667
0.00051 -0.10992 0.31538
-0.06084 0.32625 -0.08040
-0.05487 0.19102 -0.12687
0.05770 0.01403 -0.19088
0.06045 0.06494 0.14786
0.05781 -0.07330 0.16894
-0.06039 0.15806 -0.13696
-0.06070 -0.00708 -0.15659
0.03031 -0.36831 -0.02571
-0.05700 0.31494 -0.10558
0.04177 -0.20045 -0.28589
0.05283 -0.05366 -0.27691
0.03688 -0.26328 -0.29096
0.04631 -0.13775 -0.28346
0.05643 0.00078 -0.27739
-0.05493 0.07258 -0.14084
-0.05709 -0.03242 0.17103
-0.05486 -0.02277 0.12031
-0.04211 -0.17911 -0.25335
-0.04484 -0.14512 -0.24569
-0.04827 -0.08962 -0.25870
-0.04670 -0.10211 -0.27539
-0.03641 -0.25624 -0.25857
-0.04846 -0.08015 -0.27063
-0.03248 -0.29957 -0.27938
-0.04461 -0.13316 -0.27237
-0.04639 -0.12267 -0.24704
-0.04606 -0.12136 -0.25739
-0.04156 -0.19095 -0.24618
-0.05158 -0.03498 -0.27290
-0.03856 -0.22320 -0.26342
-0.03990 -0.19905 -0.27280
-0.04787 -0.10002 -0.25018
-0.04597 -0.11764 -0.26613
-0.04509 -0.14569 -0.23854
-0.03786 -0.22460 -0.27827
-0.04190 -0.17432 -0.26687
-0.05994 0.34341 0.07329
-0.06081 0.34959 -0.04251
-0.02785 -0.36962 0.12309
-0.06083 0.20857 0.12822
-0.05488 0.21847 0.12485
0.04800 -0.11562 0.14687
0.04953 -0.09694 0.15677
-0.05424 -0.02679 -0.04958
-0.05418 -0.02994 -0.05646
-0.05393 -0.04290 -0.09478
-0.05423 -0.02772 -0.00760
-0.05413 -0.03265 -0.03788
-0.05409 -0.03456 -0.07980
0.05663 0.01423 -0.13625
0.05496 0.18734 0.12962
-0.05488 -0.01837 0.09151
0.05523 -0.10481 0.15268
0.00974 -0.11623 0.31442
0.01447 0.01264 -0.31861
-0.05887 0.16213 -0.12316
-0.05434 0.01418 0.25910
-0.05717 -0.04534 0.13518
-0.06088 0.36196 -0.02380
0.04003 -0.08079 -0.29226
0.04222 0.01035 -0.28697
0.05537 0.35598 -0.04706
-0.05167 -0.07091 0.14480
-0.04983 -0.09326 0.12840
0.00216 -0.22177 -0.32151
0.00398 -0.24508 -0.32062
0.00262 -0.15469 -0.32332
0.06232 -0.08460 0.15346
0.02302 -0.10070 0.30980
-0.05721 0.03166 0.15551
0.05484 0.17049 -0.12994
-0.04184 -0.07257 -0.27594
-0.04248 -0.01866 -0.27104
0.00097 -0.36875 0.31044
-0.05456 -0.01317 0.22593
0.05771 -0.04412 0.17478
-0.05996 0.25890 0.12469
-0.06105 0.34022 0.06353
-0.05483 -0.03067 -0.14443
0.05760 0.06367 -0.15229
0.05977 0.18997 -0.12113
-0.02872 -0.36855 -0.16880
0.05698 0.32116 0.07781
0.05934 0.16095 0.12329
0.05579 0.19729 0.13195
0.05783 -0.07310 -0.15436
-0.05257 -0.10621 0.13189
-0.02881 -0.36830 0.07165
-0.04554 0.01264 -0.26947
-0.04472 0.01264 -0.22923
0.06002 -0.04637 0.14784
0.05571 0.18489 0.13329
0.06100 0.31223 -0.10014
-0.01878 -0.34423 -0.31016
-0.02372 -0.07496 -0.31884
-0.02050 -0.23711 -0.31380
0.01172 0.01400 0.32407
-0.06108 0.35994 0.00195
0.05254 -0.06234 0.18134
0.03017 -0.37009 0.09040
0.05491 0.08311 -0.14308
0.05500 0.12076 -0.13429
-0.05344 -0.03066 -0.24340
-0.05366 -0.03496 -0.23523
-0.05266 -0.05701 -0.22370
-0.05253 -0.04421 -0.24060
-0.06108 -0.03159 0.15351
0.06114 0.34165 -0.06465
-0.05071 -0.08256 -0.21372
-0.05013 -0.08958 -0.21952
-0.02028 -0.00948 0.30970
-0.01864 -0.01341 0.31038
-0.01190 -0.36663 -0.31590
-0.06019 0.11607 -0.13157
0.01716 -0.36875 -0.14100
0.01935 -0.36875 -0.14611
-0.01885 -0.36875 -0.26998
0.00413 -0.36875 -0.13583
0.02346 -0.36875 -0.20089
0.01403 -0.36875 -0.13429
0.01902 -0.36875 -0.15590
0.02015 -0.36875 -0.04633
-0.01515 -0.36875 -0.25094
0.02155 -0.36875 -0.09441
0.00995 -0.36875 -0.13594
0.02296 -0.36875 -0.20978
0.02230 -0.36875 -0.22901
0.01453 -0.36875 -0.28537
-0.05910 0.16642 -0.13887
-0.02721 -0.36706 0.25941
-0.02722 -0.36783 0.06387
-0.02717 -0.36490 0.23716
-0.05746 0.33993 0.05253
0.06190 -0.09036 -0.14766
-0.05495 0.26893 0.11781
0.05417 0.01314 -0.08344
0.06071 0.10386 -0.13489
-0.05491 0.35105 0.05224
-0.05659 0.02024 -0.15680
-0.02724 -0.19893 -0.31040
-0.03118 -0.04184 -0.31465
-0.02344 -0.22072 -0.31231
-0.03071 -0.11197 -0.31176
-0.02778 -0.14009 -0.31271
-0.05189 -0.08530 0.18890
-0.05488 0.35714 -0.02880
0.03990 -0.23658 0.18208
0.03345 -0.32549 0.20472
0.03482 -0.30665 0.11162
0.03090 -0.36061 0.13807
0.03661 -0.28205 0.18020
0.03598 -0.29060 0.10819
0.04130 -0.21735 0.12937
0.04213 -0.20586 0.21854
0.03140 -0.35378 0.26889
0.04822 -0.12196 0.20540
0.03254 -0.33810 0.08330
0.04449 -0.17333 0.22336
0.04986 -0.09936 0.26270
0.04108 -0.22041 0.23662
0.03287 -0.33358 0.10395
0.03728 -0.27270 0.08079
0.04080 -0.22427 0.16647
0.04729 -0.13484 0.24418
0.03998 -0.23555 0.17438
0.03595 -0.29102 0.20485
0.03185 -0.34763 0.15475
0.05282 -0.05860 0.24985
0.03062 -0.36458 0.07266
0.03518 -0.30163 0.15425
0.03452 -0.31073 0.09243
0.03497 -0.30463 0.14687
0.04107 -0.22055 0.10954
0.04410 -0.17881 0.15128
0.03771 -0.26684 0.26528
0.03874 -0.25265 0.25897
0.03139 -0.35392 0.20700
0.03955 -0.24149 0.19067
0.03348 -0.32511 0.28032
0.04236 -0.20280 0.14619
0.05467 -0.03313 0.27337
0.04483 -0.16866 0.24161
0.03847 -0.25632 0.12034
0.03565 -0.29517 0.06294
0.03505 -0.30353 0.18446
0.04190 -0.20902 0.19006
0.05438 -0.03714 0.24106
0.03247 -0.33898 0.25518
0.04641 -0.14685 0.18631
0.03681 -0.27920 0.11996
0.03370 -0.32214 0.19089
0.03770 -0.26694 0.24368
0.03517 -0.30180 0.27581
0.05003 -0.09698 0.26877
0.03298 -0.33199 0.03852
0.04150 -0.21455 0.14154
0.04723 -0.13559 0.17838
0.03080 -0.36200 0.28257
0.04482 -0.16885 0.22599
0.03533 -0.29959 0.22478
0.05029 -0.09346 0.21223
0.04058 -0.22727 0.19600
0.05180 -0.07266 0.24541
0.03995 -0.23597 0.10685
0.04127 -0.21778 0.27440
0.03041 -0.36744 0.04437
0.04464 -0.17127 0.26344
0.03793 -0.26385 0.09244
0.03212 -0.34388 0.05217
0.03213 -0.34373 0.27738
0.04897 -0.11167 0.21988
0.03511 -0.30268 0.21108
0.03544 -0.29816 0.08336
0.03277 -0.33493 0.04914
0.04098 -0.22170 0.22621
0.03368 -0.32231 0.10821
0.03846 -0.25654 0.10734
0.03271 -0.33575 0.23408
0.03305 -0.33109 0.28074
0.04583 -0.15486 0.18113
0.03107 -0.35829 0.08993
0.04223 -0.20458 0.13417
0.03143 -0.35335 0.24589
0.03778 -0.26587 0.25263
0.05073 -0.08735 0.20247
0.03474 -0.30774 0.20783
0.03792 -0.26398 0.10972
0.03925 -0.24557 0.16062
0.03074 -0.36292 0.15664
0.03879 -0.25189 0.08405
0.04937 -0.10605 0.24764
0.04100 -0.22148 0.11811
0.03381 -0.32054 0.21931
0.04935 -0.10645 0.21694
0.04701 -0.13871 0.22623
0.05384 -0.04453 0.24713
0.03054 -0.36563 0.21114
0.04028 -0.23140 0.24698
0.04484 -0.16851 0.19792
0.03183 -0.34781 0.07115
0.03528 -0.30037 0.09066
0.03577 -0.29359 0.09835
0.04321 -0.19101 0.15022
0.03147 -0.35281 0.05247
0.03799 -0.26297 0.12838
0.03182 -0.34803 0.14265
0.03390 -0.31935 0.21052
0.03300 -0.33175 0.08947
0.03913 -0.24724 0.21377
0.03959 -0.24094 0.28020
0.04281 -0.19652 0.27797
-0.05413 0.01421 -0.11124
-0.05388 -0.04389 0.18839
-0.05163 -0.07140 0.19870
-0.05115 -0.07719 0.19066
0.06086 0.28558 -0.10852
-0.02628 -0.36947 0.29714
-0.05732 0.30579 0.11007
0.03507 -0.09358 -0.29933
0.03931 -0.05027 -0.29379
-0.05664 0.01008 -0.01501
-0.05541 0.35745 -0.00004
-0.02816 -0.36500 -0.10884
-0.06063 -0.01741 0.15756
0.05515 -0.05049 -0.17800
0.05547 0.23976 0.12555
0.03015 -0.01921 -0.30447
0.02903 -0.08415 -0.30533
-0.06289 -0.03712 -0.14050
-0.05207 0.01385 -0.27097
0.06094 0.08010 -0.14433
-0.04164 -0.15976 0.28456
-0.03222 -0.28250 0.29289
-0.03422 -0.25888 0.28989
-0.04721 -0.08222 0.28211
-0.03497 -0.24488 0.29139
-0.03006 -0.31191 0.29417
-0.06005 -0.04600 -0.16528
-0.05539 0.13862 0.12947
0.06110 0.08318 0.13956
0.00945 -0.08869 -0.31446
0.06070 -0.00628 -0.14875
0.05430 0.01330 0.08224
0.03024 -0.36504 -0.05539
0.03023 -0.36443 -0.06619
0.03029 -0.36772 0.24268
0.03528 -0.12603 0.29905
0.03262 -0.08402 0.30252
0.06085 0.25566 0.12218
-0.05923 -0.03242 -0.16505
0.05658 -0.00629 -0.14513
0.03170 -0.36869 -0.05114
0.00007 0.01294 0.32910
0.01737 -0.07253 -0.31214
0.05535 0.36389 0.01684
0.05793 0.00957 0.14745
0.05796 0.01150 0.06180
0.05798 0.01227 -0.09519
-0.05538 0.30983 0.10330
-0.03514 -0.21080 0.29683
-0.04131 -0.13263 0.29340
-0.04837 0.00897 0.29712
-0.04831 -0.04269 0.28969
-0.02826 -0.30039 0.30032
0.00664 -0.36875 -0.31174
-0.04786 -0.06332 0.28695
-0.04765 -0.07798 0.28097
-0.04389 -0.13350 0.28093
-0.04514 -0.10697 0.28508
-0.05995 0.10204 -0.14523
0.05491 0.05431 0.14599
0.01905 -0.00870 0.31144
0.01820 -0.04287 0.31179
-0.05536 0.00841 -0.05665
0.05489 0.15057 0.13087
-0.00139 -0.13237 0.31513
-0.00075 -0.02473 0.31521
0.05930 -0.04393 0.16474
-0.03981 -0.18043 -0.28813
-0.03642 -0.22366 -0.29166
-0.03215 -0.29606 -0.28696
0.05485 0.13211 0.13408
0.05883 0.30523 0.11026
-0.05475 -0.01052 -0.23606
-0.05465 -0.01878 -0.22358
-0.05460 -0.01494 -0.23728
0.05614 -0.00792 0.14566
0.04128 -0.10958 0.28924
0.03986 -0.11749 0.29267
-0.05492 -0.00988 0.07853
0.03026 -0.36624 -0.03278
0.05833 -0.06694 -0.16569
-0.05494 0.33528 -0.07804
0.05796 0.01146 0.12648
0.05791 0.00886 0.21038
0.05796 0.01148 0.04065
-0.02801 -0.36949 -0.20860
-0.00595 -0.36653 -0.31644
-0.05684 0.21697 -0.11652
-0.05443 -0.02062 0.01197
-0.05474 -0.02728 0.09964
-0.05473 -0.01663 0.05525
-0.05463 -0.02336 0.06179
-0.05478 -0.00849 0.03516
-0.05489 0.00421 0.00683
-0.05468 -0.01115 0.02540
0.05507 0.01387 0.10240
0.05708 -0.08218 -0.17217
0.05841 -0.06605 -0.17570
-0.02899 -0.36684 -0.07585
-0.05908 0.27498 -0.10667
-0.05604 0.00711 -0.14465
0.05514 0.01075 -0.15367
0.05486 0.30787 -0.09941
-0.06083 0.29491 -0.10335
0.05630 -0.09601 0.16525
0.05371 -0.11159 0.14173
0.05100 -0.07907 0.13566
0.05262 -0.05931 0.15196
-0.00351 0.01190 -0.32913
0.05925 0.30047 -0.11288
0.05034 0.01264 0.27339
0.05098 0.00955 -0.30146
0.01963 -0.28568 0.31407
-0.06041 0.31403 0.08833
-0.05493 0.08138 -0.14344
0.04650 0.01264 -0.28799
-0.05419 -0.02948 0.20919
-0.05441 -0.01852 0.23106
0.03158 -0.36888 -0.13427
-0.01751 -0.37032 0.30837
0.05710 0.20108 0.11764
0.02849 -0.37035 -0.17042
-0.02258 -0.02914 0.30800
-0.02125 -0.08033 0.30902
-0.05901 0.21092 0.11650
-0.02421 -0.08265 0.31795
-0.02274 -0.11441 0.31755
-0.01492 -0.36028 0.31177
0.05547 0.26016 -0.12329
0.00452 -0.20218 0.32139
0.00513 -0.31162 0.31808
0.06085 0.15759 -0.13517
0.05009 -0.09007 0.14814
0.05187 -0.06841 0.14834
0.05189 -0.06819 0.15867
0.04969 -0.09495 0.13906
-0.05974 -0.04981 -0.17033
0.06280 -0.03825 0.14874
-0.05925 0.33789 0.08393
0.06009 -0.04557 0.13989
0.05624 -0.09249 0.18147
0.05075 -0.09550 -0.11892
-0.05699 0.36732 -0.02209
0.02923 -0.37034 0.19616
0.02735 -0.36784 -0.30066
0.03391 -0.29210 -0.29575
0.03852 -0.22777 -0.29391
-0.05558 0.01376 0.14446
-0.05574 0.20813 0.11949
-0.02794 0.01264 0.30782
0.05949 0.01240 0.21756
-0.05951 0.06935 0.13518
-0.05494 0.00497 -0.25947
0.06063 0.18287 0.13230
0.03096 -0.36960 0.18207
0.02683 -0.36961 0.28195
-0.05495 -0.00276 0.05097
-0.05523 -0.10482 0.15056
0.05595 0.01418 -0.25878
0.01319 -0.19567 -0.32050
0.01436 -0.28138 -0.31717
0.01335 -0.17051 -0.32127
-0.04019 -0.09815 -0.28473
0.03056 -0.14246 -0.30416
0.02628 -0.09964 -0.30744
0.01268 -0.36875 0.30234
-0.00547 -0.10260 -0.31459
-0.00970 -0.06270 -0.31404
-0.04516 -0.06268 -0.29449
-0.04293 -0.07905 -0.29750
-0.04736 -0.04718 -0.29142
-0.04152 -0.13683 -0.29252
-0.04314 -0.09137 -0.29519
-0.05098 -0.01614 -0.28718
-0.05401 -0.04228 -0.20798
-0.05481 -0.02723 -0.18953
-0.05442 -0.02562 -0.22519
-0.06023 0.15308 0.12638
-0.03685 -0.23837 0.27849
-0.04773 -0.10354 0.24722
-0.04881 -0.08129 0.25962
-0.03281 -0.29562 0.27756
-0.04705 -0.11975 0.23543
-0.05107 -0.05710 0.24633
-0.05430 0.00259 0.27172
-0.04714 -0.10620 0.25709
-0.04742 -0.10018 0.26073
-0.04270 -0.17719 0.24174
-0.04204 -0.18256 0.24855
-0.04392 -0.16253 0.23725
-0.04725 -0.11453 0.23961
-0.03707 -0.23411 0.28053
-0.04246 -0.17120 0.25822
-0.04127 -0.18030 0.27163
-0.04136 -0.19243 0.24809
-0.03802 -0.23016 0.26395
-0.04398 -0.13969 0.27617
-0.04845 -0.08563 0.26087
0.04834 0.01164 -0.30540
-0.02163 -0.28075 0.31044
-0.02816 -0.03635 0.31714
-0.02686 0.00731 0.32023
-0.03004 -0.01662 0.31664
-0.03530 -0.04233 0.31137
0.02637 -0.36909 -0.08999
-0.06115 0.00655 -0.15123
-0.05647 0.09321 -0.14736
0.03965 -0.17102 0.29906
0.02780 -0.36552 0.29929
0.03123 -0.29201 0.30173
-0.03059 -0.16421 -0.30873
-0.02617 -0.27977 -0.30591
-0.03214 -0.14426 -0.30819
-0.04830 -0.07693 0.27656
-0.03765 -0.22486 0.28136
-0.03579 -0.24171 0.28674
-0.02844 -0.30534 -0.29968
-0.02950 -0.27128 -0.30204
-0.03432 -0.19494 -0.30148
0.05853 0.00855 0.20587
0.01813 -0.36103 0.31163
0.02505 -0.15005 0.31639
-0.05416 -0.04050 0.09378
-0.05468 -0.03414 0.12647
0.02637 0.00483 0.30737
0.04272 0.00931 -0.31197
0.05593 0.12735 0.14113
0.04089 -0.08559 0.29017
0.04302 -0.11835 0.28504
-0.05490 -0.01409 -0.20989
0.05625 0.01055 0.14304
0.00441 -0.09065 -0.32486
0.00499 -0.13463 -0.32356
0.01423 -0.02846 -0.32530
0.01034 -0.28079 -0.31879
-0.05669 0.01184 -0.09010
0.05501 0.21064 0.12701
-0.05920 0.32362 -0.07657
-0.05499 0.00556 0.19748
-0.05490 -0.01445 0.16756
-0.05499 0.00472 0.14274
-0.05496 -0.00152 0.18617
-0.05497 0.00031 0.12190
-0.05498 0.00268 0.05053
-0.05500 0.00799 0.01809
-0.05500 0.00866 0.21035
-0.05500 0.00864 0.15764
-0.05501 0.01093 0.12483
-0.05490 -0.01501 0.12301
-0.02285 -0.11712 -0.30780
-0.02936 -0.10099 -0.30280
0.05524 0.35602 -0.01785
-0.04857 -0.08460 -0.26011
-0.03462 -0.27635 -0.26738
-0.04788 -0.10424 -0.24264
-0.04798 -0.08689 -0.27054
-0.04274 -0.17529 -0.24456
-0.04528 -0.13478 -0.25321
-0.02976 -0.33565 -0.28300
-0.04258 -0.17919 -0.24175
-0.03089 -0.32167 -0.27958
-0.05156 -0.04882 -0.24922
-0.03971 -0.21044 -0.25764
-0.03399 -0.28500 -0.26761
-0.05113 -0.05585 -0.24733
-0.03557 -0.25576 -0.27991
-0.04597 -0.12846 -0.24723
-0.04976 -0.06295 -0.26868
0.06013 0.17539 -0.12392
0.02739 -0.36998 0.16056
0.05911 0.00915 -0.27149
0.05948 0.00976 0.09370
0.05875 0.31484 0.08317
-0.02716 -0.36452 -0.14193
0.05648 0.33601 0.06024
-0.05481 -0.03254 0.15224
-0.05308 0.01421 0.02601
-0.04819 -0.11335 0.15956
-0.04944 -0.09806 0.15281
0.02875 -0.27735 0.30623
0.03336 -0.15032 0.30981
0.03448 -0.13287 0.30966
0.06109 0.24574 0.12159
-0.02901 -0.36729 -0.05631
-0.06100 0.04602 -0.14824
-0.06309 -0.03471 0.16350
-0.06075 0.05705 -0.14095
0.04167 -0.10779 -0.30238
0.02628 -0.33964 -0.30532
0.02828 -0.29796 -0.30579
0.05850 0.03836 0.15482
-0.05025 -0.07913 0.23174
-0.05326 -0.05033 0.22227
-0.05490 0.00677 0.26648
-0.05272 -0.04420 0.23744
0.04599 0.01264 0.00863
0.04730 0.01264 -0.16444
0.04619 0.01264 -0.23328
0.04853 0.01264 -0.09531
0.04636 0.01264 0.00003
0.03427 -0.01019 -0.30036
0.03753 -0.00039 -0.29611
-0.02254 -0.00012 -0.30803
-0.02746 -0.01488 -0.30426
-0.02721 -0.36743 -0.27153
-0.02717 -0.36510 -0.16279
-0.02780 -0.36467 -0.06618
-0.05808 0.08545 0.13189
-0.03233 -0.30668 -0.00602
-0.02948 -0.34150 -0.02374
-0.04247 -0.18308 -0.18363
-0.02991 -0.33626 0.11110
-0.03364 -0.29067 -0.16751
-0.04107 -0.20011 -0.19495
-0.03168 -0.31468 -0.08838
-0.03315 -0.29672 -0.15081
-0.03263 -0.30300 -0.17881
-0.02926 -0.34419 0.04953
-0.03761 -0.24232 -0.12770
-0.03283 -0.30066 -0.02079
-0.03095 -0.32354 0.00779
-0.02969 -0.33890 0.10568
-0.02817 -0.35742 0.01924
-0.03807 -0.23671 -0.07495
-0.03230 -0.30702 -0.16533
-0.03929 -0.22178 -0.20496
-0.03236 -0.30635 0.07893
-0.02908 -0.34628 0.18341
-0.03501 -0.27406 0.07700
-0.02985 -0.33691 0.17827
-0.03554 -0.26756 -0.07036
-0.04598 -0.14022 -0.22133
-0.03108 -0.32200 -0.18804
-0.03216 -0.30873 -0.17876
-0.02892 -0.34822 0.23854
-0.03338 -0.29393 0.00635
-0.03040 -0.33028 -0.21366
-0.03435 -0.28210 0.09969
-0.03579 -0.26451 -0.04884
-0.02922 -0.34460 -0.13385
-0.03942 -0.22029 -0.16424
-0.03724 -0.24683 -0.00786
-0.03020 -0.33262 -0.15177
-0.02914 -0.34566 -0.27241
-0.03675 -0.25284 0.01694
-0.02891 -0.34838 0.17655
-0.03637 -0.25738 -0.05076
-0.02876 -0.35028 0.06392
-0.02967 -0.33909 0.19625
-0.03897 -0.22567 -0.17600
-0.03306 -0.29774 -0.13098
-0.03378 -0.28897 -0.00884
-0.03364 -0.29069 -0.25879
-0.04167 -0.19276 -0.07927
-0.03330 -0.29484 0.05107
-0.03508 -0.27316 -0.04060
-0.03941 -0.22039 -0.09371
-0.02846 -0.35387 -0.21883
-0.04151 -0.19475 -0.13343
-0.04271 -0.18010 -0.16761
-0.04568 -0.14387 -0.22376
-0.04501 -0.15207 -0.16059
-0.03058 -0.32807 -0.27078
-0.02953 -0.34084 -0.27840
-0.04287 -0.17815 -0.18034
-0.03603 -0.26154 0.02941
-0.03304 -0.29807 -0.08723
-0.03028 -0.33174 0.04069
-0.03196 -0.31125 0.14409
-0.02910 -0.34613 0.01807
-0.03149 -0.31696 -0.15458
-0.03838 -0.23295 -0.04213
-0.02744 -0.36633 -0.04459
-0.04472 -0.15566 -0.18421
-0.03106 -0.32214 -0.06037
-0.04213 -0.18722 -0.18025
-0.03047 -0.32939 0.17038
-0.03761 -0.24227 -0.17715
-0.03673 -0.25305 -0.06918
-0.04535 -0.14796 -0.21599
-0.03955 -0.21861 -0.23470
-0.04117 -0.19890 -0.12276
-0.03553 -0.26766 -0.02542
-0.02881 -0.34968 0.06903
-0.03337 -0.29401 0.03513
-0.03941 -0.22034 -0.03598
-0.03103 -0.32259 -0.20346
-0.02963 -0.33965 -0.12808
-0.03519 -0.27176 -0.25149
-0.03206 -0.30997 -0.24974
-0.03118 -0.32074 -0.04595
-0.03035 -0.33082 -0.00120
-0.03964 -0.21751 -0.18634
-0.04136 -0.19664 -0.18053
-0.02764 -0.36387 0.27547
-0.02909 -0.34618 0.14705
-0.03771 -0.24103 -0.06989
-0.03773 -0.24087 -0.23163
-0.03699 -0.24992 -0.22914
-0.02919 -0.34502 -0.04620
-0.02933 -0.34334 -0.18525
-0.03240 -0.30588 0.04959
-0.03051 -0.32890 -0.18883
-0.04052 -0.20681 -0.07680
-0.02793 -0.36032 -0.02952
-0.03306 -0.29781 0.04032
-0.02789 -0.36085 -0.18926
-0.03624 -0.25896 -0.08854
-0.04351 -0.17031 -0.17533
-0.03069 -0.32675 -0.20622
-0.03075 -0.32598 -0.03420
-0.02974 -0.33832 -0.25101
-0.03041 -0.33013 0.19641
-0.02992 -0.33610 0.09424
-0.03659 -0.25473 -0.11938
-0.03134 -0.31879 0.05934
-0.03619 -0.25969 -0.21001
-0.02745 -0.36626 0.10797
-0.03909 -0.22425 -0.21121
-0.02805 -0.35890 -0.14620
-0.02799 -0.35967 0.11769
-0.03859 -0.23040 -0.15817
-0.03805 -0.23691 -0.09887
-0.02913 -0.34569 -0.09527
-0.02923 -0.34456 0.08236
-0.02995 -0.33569 -0.18329
-0.03365 -0.29060 -0.10559
-0.03498 -0.27434 -0.22399
-0.02776 -0.36248 -0.17847
-0.02834 -0.35536 0.05115
-0.03945 -0.21982 -0.02896
-0.02778 -0.36214 0.16494
-0.03276 -0.30148 -0.11387
-0.02798 -0.35971 0.24255
-0.03453 -0.27989 -0.14813
-0.02819 -0.35715 -0.05014
-0.03656 -0.25516 -0.02621
-0.02908 -0.34629 -0.20608
-0.03453 -0.27985 -0.09032
-0.03148 -0.31702 -0.02814
-0.03427 -0.28308 0.03772
-0.03206 -0.31001 0.01639
0.05421 -0.03992 0.16964
-0.05500 0.32353 0.08959
0.05648 0.36235 -0.03889
0.01045 -0.37033 0.31320
-0.05116 -0.07712 0.21705
-0.04905 -0.10278 0.21914
-0.02421 -0.36991 0.12668
-0.05879 -0.06135 -0.15214
-0.01762 -0.36875 -0.30349
-0.06111 0.10078 0.13947
0.06085 -0.02924 -0.15229
0.05764 0.02253 -0.15748
0.02837 0.00994 0.30584
0.02730 -0.06083 0.30666
-0.05137 0.01335 -0.00146
0.03196 -0.36802 -0.21405
0.05897 0.01318 0.22238
-0.02760 -0.36439 -0.24129
-0.04101 -0.20088 -0.18170
-0.03816 -0.23559 -0.16082
-0.03576 -0.26487 -0.09302
-0.04423 -0.16162 -0.15533
-0.03204 -0.31026 -0.21335
-0.04096 -0.20151 -0.23473
-0.03671 -0.25322 -0.22265
-0.04013 -0.21155 -0.11613
-0.03027 -0.33185 0.17596
-0.03411 -0.28500 0.07775
-0.03960 -0.21801 -0.09004
-0.03546 -0.26857 0.03058
-0.03163 -0.31526 0.07858
-0.03410 -0.28509 -0.24010
-0.03172 -0.31415 -0.22910
-0.04033 -0.20913 -0.10562
-0.04290 -0.17779 -0.14533
-0.03630 -0.25832 -0.00257
-0.02786 -0.36127 -0.06984
-0.04030 -0.20948 -0.14983
-0.03486 -0.27579 -0.04624
-0.02931 -0.34351 0.15963
-0.03969 -0.21698 -0.12088
-0.03325 -0.29550 -0.05718
-0.04437 -0.15984 -0.21598
-0.03557 -0.26723 -0.24833
-0.03078 -0.32556 -0.16922
-0.04210 -0.18751 -0.23511
-0.03808 -0.23662 -0.01797
-0.04109 -0.19985 -0.15600
-0.03397 -0.28664 -0.03443
-0.03380 -0.28883 -0.21097
-0.03124 -0.32000 -0.09771
-0.02818 -0.35733 -0.15433
-0.04173 -0.19212 -0.14153
-0.04173 -0.19204 -0.09339
-0.02869 -0.35107 -0.09691
-0.03959 -0.21821 -0.13576
-0.03020 -0.33266 -0.16270
-0.03849 -0.23159 -0.19157
-0.03683 -0.25176 -0.18402
-0.03247 -0.30501 0.01877
-0.04517 -0.15010 -0.19334
-0.02781 -0.36183 -0.25187
-0.03347 -0.29284 -0.06498
-0.04038 -0.20848 -0.20355
-0.03320 -0.29606 0.10082
-0.03419 -0.28404 -0.26032
-0.03117 -0.32082 0.11627
-0.03907 -0.22450 -0.04198
-0.03348 -0.29270 -0.02573
-0.03999 -0.21328 -0.09714
-0.03859 -0.23039 -0.18047
-0.03409 -0.28523 -0.11620
-0.03815 -0.23575 -0.14227
-0.03647 -0.25626 0.00773
-0.02726 -0.36856 0.20239
-0.04043 -0.20791 -0.24415
-0.03897 -0.22573 -0.05882
-0.03952 -0.21905 -0.06466
-0.02928 -0.34385 -0.20101
-0.03536 -0.26977 0.03704
-0.02841 -0.35447 0.07244
-0.03725 -0.24672 -0.22000
-0.03559 -0.26689 0.06077
-0.03426 -0.28313 -0.07862
-0.04345 -0.17108 -0.22662
-0.02793 -0.36031 -0.02244
-0.03843 -0.23228 -0.10496
-0.02734 -0.36755 -0.23790
-0.03413 -0.28473 0.10833
-0.02782 -0.36174 -0.09624
-0.03705 -0.24913 -0.13534
-0.03075 -0.32601 0.18831
-0.03274 -0.30174 0.06096
-0.03297 -0.29894 -0.08061
-0.03875 -0.22847 -0.01697
-0.03158 -0.31587 0.04263
-0.03128 -0.31951 -0.24403
-0.02988 -0.33659 -0.08108
-0.03309 -0.29741 -0.04523
-0.03285 -0.30039 -0.25836
-0.03493 -0.27500 -0.21279
-0.03157 -0.31594 -0.21617
-0.02997 -0.33549 0.08925
-0.03753 -0.24329 -0.16330
-0.03524 -0.27115 0.01197
-0.03013 -0.33350 0.07830
-0.02891 -0.34840 0.19253
-0.03690 -0.25100 -0.03608
-0.02976 -0.33799 0.07937
-0.02900 -0.34736 0.18782
-0.02929 -0.34377 -0.25249
-0.04282 -0.17875 -0.11284
-0.03821 -0.23502 -0.05229
-0.02775 -0.36254 0.25130
-0.03309 -0.29747 0.11391
-0.04022 -0.21046 -0.12624
-0.03218 -0.30850 -0.22074
-0.04094 -0.20165 -0.09199
-0.03524 -0.27117 -0.18822
-0.03270 -0.30223 -0.12985
-0.02852 -0.35316 -0.12676
-0.03537 -0.26960 -0.05801
-0.03207 -0.30989 -0.20292
-0.02864 -0.35170 -0.02439
-0.03375 -0.28938 -0.05623
-0.03260 -0.30345 -0.21672
-0.04162 -0.19338 -0.10695
-0.02813 -0.35794 -0.17984
-0.03283 -0.30061 -0.10161
-0.03141 -0.31790 -0.05172
-0.04218 -0.18657 -0.10782
-0.04382 -0.16659 -0.15764
-0.03784 -0.23945 -0.10552
0.05789 0.30964 0.10822
0.05075 0.01264 0.15765
0.04769 0.01264 0.26218
0.04769 0.01264 0.12960
0.05178 0.01264 -0.05331
-0.05674 -0.08636 -0.16770
0.03970 0.01425 -0.31064
0.03591 -0.03116 0.31373
0.03491 -0.03917 0.31411
0.02578 -0.24727 0.31119
0.02829 -0.15179 0.31381
0.03641 -0.00042 0.31481
0.05580 0.30982 -0.10550
0.06114 0.28149 -0.11369
-0.05494 0.05109 0.14281
-0.01160 -0.01542 -0.31330
-0.01328 -0.08879 -0.31260
-0.05616 0.22276 0.12972
0.01847 -0.36425 -0.31152
-0.03457 -0.27938 0.19553
-0.03898 -0.22566 0.12905
-0.04053 -0.20666 0.03635
-0.03377 -0.28914 0.14861
-0.03807 -0.23666 0.11321
-0.04156 -0.19420 0.12375
-0.04056 -0.20637 0.16789
-0.03975 -0.21616 0.16677
-0.03860 -0.23019 0.20255
-0.04155 -0.19430 0.07606
-0.04519 -0.14983 0.05498
-0.04022 -0.21046 0.01349
-0.03865 -0.22963 0.15505
-0.03799 -0.23767 0.10529
-0.03220 -0.30834 0.21705
-0.04682 -0.12995 0.05078
-0.04268 -0.18055 -0.00285
-0.03392 -0.28730 0.17692
-0.03957 -0.21838 0.03730
-0.03840 -0.23271 0.12536
-0.03668 -0.25360 0.09941
-0.04183 -0.19090 -0.02460
-0.03877 -0.22818 0.08251
-0.04296 -0.17711 0.05896
-0.04126 -0.19781 0.19291
-0.04404 -0.16388 -0.05854
-0.03913 -0.22381 0.15477
-0.04664 -0.13226 0.11987
-0.03625 -0.25894 0.12560
-0.04372 -0.16783 0.02231
-0.03990 -0.21438 0.08375
-0.04244 -0.18345 0.14897
-0.04439 -0.15967 -0.02605
-0.04339 -0.17183 0.08354
-0.03405 -0.28567 0.22309
-0.03408 -0.28531 0.15810
-0.04402 -0.16417 0.11482
-0.04539 -0.14738 0.08744
-0.03441 -0.28134 0.15137
-0.03266 -0.30270 0.22894
-0.02940 -0.34247 0.24291
-0.03110 -0.32166 0.25544
-0.04731 -0.12398 -0.06184
-0.04712 -0.12632 0.08254
-0.02875 -0.35030 0.27410
-0.04621 -0.13747 -0.04843
-0.04627 -0.13675 0.00773
-0.03515 -0.27225 0.22275
-0.04037 -0.20870 0.10810
-0.03513 -0.27259 0.20728
-0.04521 -0.14968 0.07300
-0.03871 -0.22889 0.07369
-0.03791 -0.23870 0.07175
-0.04141 -0.19597 0.13618
-0.04684 -0.12982 0.04239
-0.04714 -0.12616 -0.02458
-0.03872 -0.22872 0.05584
-0.03981 -0.21554 0.18604
-0.03897 -0.22568 0.14472
-0.04415 -0.16256 0.06920
-0.04720 -0.12541 0.01709
-0.03801 -0.23741 0.09396
-0.04724 -0.12493 0.02798
-0.03738 -0.24515 0.21440
-0.04221 -0.18620 -0.01552
-0.02806 -0.35882 0.28083
-0.03949 -0.21939 0.12001
-0.04483 -0.15432 0.13682
-0.03309 -0.29741 0.18539
-0.04440 -0.15948 0.14132
-0.03514 -0.27243 0.13792
-0.03723 -0.24694 0.08015
-0.04258 -0.18171 -0.01514
0.05506 0.05271 -0.14246
-0.02838 -0.36907 0.02241
0.05720 0.21556 0.13233
-0.00862 -0.24849 -0.31938
-0.01093 -0.12758 -0.32245
0.03936 -0.08926 -0.29374
0.03665 -0.14715 -0.29727
0.05485 0.06987 -0.14363
0.02039 -0.06795 -0.31089
0.02025 -0.08787 -0.31094
0.05544 0.24142 -0.12588
0.05488 0.09231 0.14075
-0.02847 -0.36539 0.14409
0.05672 -0.08275 -0.12612
-0.01812 -0.27089 -0.31406
-0.01528 -0.31336 -0.31428
-0.01755 -0.29184 -0.31353
0.03104 -0.36478 -0.01252
-0.05786 0.24810 0.12846
0.03195 -0.36806 -0.18714
-0.03604 -0.21813 0.29358
-0.04461 -0.10410 0.28962
-0.02672 -0.35446 0.29609
0.04262 -0.09376 -0.28600
0.06049 -0.01360 -0.15823
0.05637 0.16699 -0.12371
-0.05436 -0.03802 0.07223
-0.05444 -0.03712 0.07876
0.05496 0.07438 -0.14039
-0.05525 0.10216 -0.13519
0.04323 -0.04332 0.28454
0.04269 -0.07513 0.28584
-0.05583 0.28634 0.10455
-0.06050 0.25245 -0.12467
-0.05950 0.14147 0.12606
-0.05519 0.10724 0.13415
0.04460 -0.12864 -0.27746
0.04517 -0.10757 -0.27313
-0.05556 0.16200 0.13572
-0.04747 -0.12204 0.20228
-0.04813 -0.11397 0.17122
0.03880 -0.12695 -0.30470
0.04466 0.00212 -0.30660
0.04552 -0.04441 -0.30205
0.02873 -0.26868 -0.30736
0.03205 -0.21351 -0.30712
0.04419 -0.03342 -0.30459
0.05969 0.32167 -0.07956
-0.03247 -0.17662 0.30504
-0.04129 -0.00837 0.30631
-0.04446 -0.00057 0.30277
-0.03411 -0.11054 0.30792
-0.03113 -0.14357 0.30930
0.04471 0.01259 -0.27662
0.04401 -0.05992 -0.28199
-0.02799 0.01330 -0.32070
-0.02365 -0.26688 0.30955
-0.02293 -0.24186 0.31130
-0.02648 -0.09008 0.31585
-0.02749 -0.04119 0.31742
-0.02631 -0.18096 0.31162
0.02250 -0.36875 -0.29876
-0.06050 0.25265 0.12402
-0.01278 -0.36875 -0.11805
0.00036 -0.36875 -0.06019
-0.01634 -0.36875 -0.23722
-0.01289 -0.36875 -0.21870
0.00377 -0.36875 -0.09536
-0.01956 -0.36875 -0.01211
-0.01394 -0.36875 -0.17070
-0.02218 -0.36875 -0.19614
-0.00891 -0.36875 -0.12845
-0.02080 -0.36875 -0.25740
-0.02117 -0.36875 -0.09567
-0.02267 -0.36875 -0.24126
-0.01476 -0.36875 -0.11122
-0.05774 -0.07421 -0.16070
0.01700 -0.04966 0.31229
0.06083 0.35686 0.01358
-0.04833 -0.11163 -0.10130
-0.04794 -0.11637 0.05099
-0.04786 -0.11730 0.02739
-0.04834 -0.11148 0.02293
-0.04787 -0.11714 -0.03536
-0.04753 -0.12136 -0.13729
-0.04791 -0.11671 0.09148
-0.05938 0.15264 -0.14013
-0.03464 -0.23058 0.29513
-0.02979 -0.29102 0.29800
-0.02674 -0.32858 0.29984
-0.06107 0.35126 -0.05266
-0.05921 -0.05624 0.14891
0.04767 0.01264 0.29139
-0.04106 -0.11552 -0.28183
-0.04166 -0.08215 -0.27728
-0.05922 0.35116 0.02307
0.00505 -0.06243 -0.31504
-0.06280 -0.03821 0.14941
0.02846 -0.08106 0.30577
0.02865 -0.12419 0.30562
0.06087 0.23001 0.11916
0.05915 0.00919 0.11310
-0.05718 -0.08099 0.14312
-0.05642 0.31381 -0.08625
-0.05498 0.00352 -0.07086
-0.05499 0.00508 -0.18927
-0.05502 0.01149 -0.22922
-0.05494 -0.00651 -0.17065
-0.05495 -0.00453 -0.08821
-0.05496 -0.00050 -0.11488
-0.05500 0.00873 -0.21218
-0.05498 0.00331 -0.11258
-0.05498 0.00284 -0.12559
-0.05500 0.00756 -0.06308
-0.05501 0.01010 -0.15555
-0.05501 0.00944 -0.23830
-0.05497 0.00051 -0.03732
-0.00139 -0.35456 -0.31751
0.00080 -0.04315 -0.32648
-0.05888 -0.04875 -0.17563
-0.02873 -0.36586 -0.07077
-0.01143 0.00113 0.32609
-0.01156 0.00552 0.32620
-0.00846 -0.02931 0.32558
-0.00598 -0.27264 0.31872
-0.00481 -0.04932 0.32547
-0.02935 0.00023 0.30281
0.05732 -0.03242 -0.14108
-0.02600 -0.37034 -0.21832
-0.05958 0.35417 0.00384
0.01016 0.01264 -0.32236
-0.05630 0.00934 -0.19172
0.05596 -0.09583 -0.17341
-0.06084 0.35556 0.02474
0.01576 -0.36875 0.12893
0.02113 -0.36875 0.23220
0.02562 -0.36875 0.21034
0.01376 -0.36875 0.13337
0.02349 -0.36875 0.19269
0.01424 -0.36875 0.00516
0.00646 -0.36875 0.03567
0.01978 -0.36875 0.11845
0.02142 -0.36875 0.15717
0.00013 -0.36875 0.12173
0.02424 -0.36875 0.25186
0.00935 -0.36875 0.10638
0.02312 -0.36875 0.24317
0.03025 -0.36426 -0.25256
-0.05418 -0.04029 -0.17453
-0.06160 -0.03655 -0.17557
-0.05850 -0.06496 -0.13587
-0.06108 0.27258 -0.11722
0.02219 -0.24230 -0.31460
0.02466 -0.22636 -0.31344
-0.05580 0.34650 -0.04449
0.05281 0.01264 -0.17516
0.05080 0.01264 0.00385
0.05316 0.01264 0.24260
0.05229 0.01264 0.18681
0.05030 0.01264 -0.01405
-0.05874 0.14686 0.14102
-0.02693 -0.37015 0.27582
-0.02873 -0.36586 0.13181
-0.02299 -0.36875 0.15673
-0.01630 -0.36875 0.10617
0.00927 -0.36875 0.28205
-0.00917 -0.36875 0.25459
-0.00325 -0.36875 0.17141
-0.02109 -0.36875 0.20592
-0.00843 -0.36875 0.16079
0.00675 -0.36875 0.23093
0.00199 -0.36875 0.23557
-0.01051 -0.36875 0.13726
-0.01321 -0.36875 0.20296
-0.01010 -0.36875 0.15354
-0.01311 -0.36875 0.11158
-0.00434 -0.36875 0.22174
0.01907 -0.28804 -0.31488
0.01791 -0.32645 -0.31400
-0.02772 -0.36462 0.15356
-0.05426 -0.03932 -0.18608
0.01446 -0.36875 -0.18761
0.02324 -0.36875 -0.18284
0.00819 -0.36875 -0.25091
0.00088 -0.36875 -0.19721
0.00588 -0.36875 -0.14440
-0.00122 -0.36875 -0.28246
0.00749 -0.36875 -0.11396
0.00893 -0.36875 -0.27793
0.01743 -0.36875 -0.24882
0.02386 -0.36875 -0.16069
0.01165 -0.36875 -0.11930
0.00049 -0.36875 -0.15061
0.00654 -0.36875 -0.26874
-0.05462 -0.03357 -0.13195
-0.05478 -0.00366 -0.04266
-0.05490 -0.01506 -0.08700
-0.05491 -0.01246 -0.08139
-0.05496 -0.00166 -0.10141
-0.05489 -0.01765 -0.13324
-0.05492 -0.00985 -0.20368
-0.05492 -0.01080 -0.11435
-0.05502 0.01215 -0.13485
-0.05499 0.00612 -0.17678
0.05530 0.18049 0.13239
-0.05486 -0.02429 0.18160
-0.05501 0.00887 0.06255
-0.05491 -0.01336 0.11261
-0.05491 -0.01208 0.11936
-0.05493 -0.00871 0.09953
-0.05488 -0.01952 0.15097
-0.05486 -0.02438 0.15121
-0.05502 0.01133 0.04003
-0.05500 0.00827 0.23381
-0.05500 0.00650 0.24656
-0.06091 0.35776 0.01024
0.05493 0.27486 0.11239
0.06073 0.34501 0.05307
-0.03645 -0.06895 -0.30816
-0.02918 -0.23662 -0.30519
-0.03316 -0.12670 -0.30816
-0.03099 -0.20528 -0.30517
-0.02731 -0.29324 -0.30343
0.01995 -0.23800 -0.31629
0.02273 -0.00159 -0.32298
0.02163 -0.18469 -0.31737
0.02875 -0.00486 -0.32038
0.02429 -0.00959 -0.32207
0.01673 -0.22187 -0.31816
-0.06053 0.07717 -0.13758
0.05768 -0.07497 -0.17361
0.05924 0.36055 -0.04510
-0.05254 -0.01177 -0.27798
-0.04594 -0.09896 -0.28332
-0.05089 -0.02727 -0.28250
-0.04715 -0.08798 -0.27979
-0.04247 -0.14455 -0.28634
-0.04411 -0.12133 -0.28578
-0.05654 0.01236 0.08070
0.06103 0.04780 0.14723
-0.05893 0.02656 0.15605
0.02628 -0.36968 -0.29169
-0.05665 -0.08751 -0.14004
-0.05664 -0.08757 -0.13484
-0.02319 -0.36895 -0.08561
-0.01813 -0.29723 0.31233
-0.02534 -0.03086 0.31956
-0.02143 -0.17273 0.31577
0.04018 0.01347 0.30743
-0.05905 -0.05818 0.17180
-0.02743 -0.36218 -0.28886
-0.03864 -0.19728 -0.28837
-0.02877 -0.33215 -0.29408
0.05603 0.24956 0.11349
-0.02628 -0.37031 -0.28871
0.00078 -0.04688 0.32627
0.03209 -0.36751 0.17718
-0.05187 -0.06223 0.22831
-0.04979 -0.08405 0.23258
0.00122 -0.09294 0.32497
-0.00132 -0.31146 0.31819
0.00111 -0.21060 0.32149
0.03198 -0.09259 -0.30306
0.05976 0.10767 0.13085
-0.05042 -0.11404 -0.16828
-0.03766 -0.24172 0.17685
-0.04334 -0.17247 0.17253
-0.04133 -0.19695 0.06694
-0.04027 -0.20988 0.12889
-0.04138 -0.19629 0.07125
-0.04482 -0.15442 0.16166
-0.04531 -0.14844 0.07853
-0.03739 -0.24494 0.20661
-0.03131 -0.31912 0.23007
-0.04225 -0.18573 0.04392
-0.03589 -0.26329 0.13882
-0.03444 -0.28098 0.18633
-0.04155 -0.19423 0.10552
-0.04733 -0.12383 -0.15151
-0.03342 -0.29338 0.17059
-0.03630 -0.25834 0.18118
-0.03073 -0.32621 0.21066
-0.04653 -0.13351 0.05571
-0.04172 -0.19215 0.11273
-0.03541 -0.26915 0.17478
-0.03770 -0.24125 0.09600
-0.03526 -0.27097 0.17906
-0.04175 -0.19188 0.01692
-0.03479 -0.27671 0.12552
-0.03309 -0.29744 0.16194
-0.04601 -0.13989 -0.03126
-0.03053 -0.32863 0.25957
-0.04175 -0.19183 0.14158
-0.04659 -0.13287 0.08900
-0.04613 -0.13840 0.14357
-0.04169 -0.19254 0.00897
-0.03983 -0.21527 0.13179
-0.04444 -0.15901 0.12424
-0.03569 -0.26570 0.22111
-0.03680 -0.25223 0.22321
-0.03596 -0.26243 0.14412
-0.04435 -0.16017 0.04068
-0.04659 -0.13286 -0.02938
-0.04205 -0.18811 0.08793
-0.03017 -0.33309 0.25176
-0.04096 -0.20141 0.03123
-0.04420 -0.16189 -0.04608
-0.03574 -0.26509 0.16089
-0.04337 -0.17212 0.11828
-0.04654 -0.13343 0.04809
-0.04153 -0.19449 0.03566
-0.04445 -0.15887 -0.06001
-0.04053 -0.20676 0.01780
-0.04008 -0.21224 0.00694
-0.04193 -0.18968 0.10554
-0.04531 -0.14841 -0.06691
-0.03458 -0.27922 0.18164
-0.04698 -0.12809 0.00153
-0.03635 -0.25762 0.15018
-0.04571 -0.14353 0.00675
-0.04623 -0.13717 -0.00023
-0.03886 -0.22709 0.18045
-0.03813 -0.23594 0.05686
-0.04569 -0.14378 -0.00348
0.05830 0.04458 0.15409
0.05955 -0.00009 0.14400
-0.06115 0.08351 -0.14156
0.01562 -0.36875 0.29734
-0.05516 0.03931 -0.15019
0.04440 -0.17463 -0.02893
0.05693 -0.00190 -0.25569
0.05591 -0.01597 0.14704
0.05528 -0.02468 -0.21163
0.04530 -0.16227 -0.10552
0.05615 -0.01267 0.23311
0.05366 -0.04706 -0.23317
0.05057 -0.08961 -0.27368
0.04033 -0.23067 -0.19752
0.04983 -0.09972 -0.21858
0.05199 -0.06996 -0.08784
0.05408 -0.04123 -0.16410
0.05433 -0.03769 0.05360
0.04951 -0.10415 -0.24588
0.05159 -0.07556 -0.08168
0.05515 -0.02650 0.10274
0.03770 -0.26702 -0.16375
0.04398 -0.18041 -0.07443
0.04793 -0.12597 -0.15582
0.05092 -0.08482 -0.00884
0.05371 -0.04635 0.03081
0.04918 -0.10874 0.07800
0.05557 -0.02068 -0.18921
0.05163 -0.07496 0.10880
0.05395 -0.04306 -0.13849
0.05120 -0.08092 -0.23691
0.05001 -0.09724 -0.23177
0.05356 -0.04836 -0.11677
0.05773 0.00905 -0.25380
0.04493 -0.16735 -0.01422
0.04175 -0.21110 -0.12737
0.05381 -0.04495 0.12906
0.04941 -0.10560 -0.27033
0.05131 -0.07938 -0.18991
0.05100 -0.08366 0.12676
0.04999 -0.09759 0.10940
0.05604 -0.01421 0.02886
0.04317 -0.19159 -0.04333
0.05553 -0.02126 0.07879
0.03894 -0.24981 -0.12849
0.03715 -0.27452 -0.17223
0.04940 -0.10572 -0.03230
0.04969 -0.10175 -0.17848
0.04867 -0.11575 -0.19518
0.05376 -0.04568 0.08086
0.04124 -0.21817 -0.18706
0.04857 -0.11720 -0.27158
0.03611 -0.28887 -0.26039
0.05603 -0.01433 0.12084
0.05011 -0.09588 -0.21335
0.03998 -0.23553 -0.21102
0.05289 -0.05761 0.13583
0.05586 -0.01661 -0.10710
0.05252 -0.06269 -0.14476
0.03957 -0.24124 -0.24367
0.05030 -0.09327 -0.09455
0.04366 -0.18480 -0.24732
0.05187 -0.07173 -0.17118
0.05526 -0.02488 0.00704
0.05645 -0.00854 0.19533
0.04441 -0.17444 -0.16086
0.05419 -0.03975 0.08682
0.05070 -0.08774 0.02772
0.05445 -0.03614 0.09538
0.04809 -0.12374 -0.19539
0.04743 -0.13284 -0.02755
0.05083 -0.08604 -0.06760
0.05472 -0.03233 0.17383
0.04939 -0.10580 0.08198
0.05307 -0.05515 -0.11112
0.05378 -0.04535 0.09995
0.04613 -0.15072 -0.04669
0.05348 -0.04943 -0.00989
0.05657 -0.00687 0.10711
0.05005 -0.09668 -0.00402
0.05038 -0.09215 -0.12966
0.04729 -0.13476 -0.00384
0.05731 0.00335 0.11929
0.05760 0.00736 -0.10685
0.04794 -0.12585 -0.04652
0.04237 -0.20261 -0.23277
0.04742 -0.13303 -0.01577
0.03947 -0.24259 -0.13482
0.05621 -0.01187 0.08669
0.05159 -0.07558 0.08979
0.05541 -0.02281 0.08669
0.04313 -0.19219 -0.25482
0.05601 -0.01467 0.06687
0.05353 -0.04877 0.08999
0.05277 -0.05921 -0.06937
0.04398 -0.18039 -0.20195
0.05245 -0.06363 0.11680
0.05100 -0.08363 -0.10143
0.05209 -0.06870 -0.11873
0.05470 -0.03265 0.00532
0.05293 -0.05709 -0.17539
0.05536 -0.02362 0.14173
0.04951 -0.10419 -0.16997
0.05337 -0.05102 -0.02270
0.04456 -0.17241 -0.21952
0.05484 -0.03078 0.15493
0.04486 -0.16824 -0.09873
0.04757 -0.13099 -0.04791
0.05277 -0.05925 -0.01105
0.05314 -0.05414 0.09994
0.05375 -0.04573 -0.10227
0.03830 -0.25867 -0.25376
0.05360 -0.04784 -0.18687
0.04331 -0.18963 -0.26723
0.05733 0.00356 0.01156
0.04346 -0.18752 -0.03738
0.05678 -0.00402 -0.13479
0.04687 -0.14058 -0.11482
0.03962 -0.24047 -0.25387
0.04629 -0.14857 -0.05480
0.04982 -0.09995 0.05875
0.03969 -0.23949 -0.12367
0.04216 -0.20548 -0.24551
0.03864 -0.25399 -0.12648
0.04267 -0.19851 -0.20343
0.05194 -0.07066 -0.21346
0.04329 -0.18998 -0.05305
0.05662 -0.00626 0.11673
0.05383 -0.04470 -0.11407
0.03779 -0.26578 -0.19698
0.04842 -0.11924 -0.21047
0.05471 -0.03256 0.07944
0.04896 -0.11171 0.06418
0.05635 -0.00991 0.18701
0.05071 -0.08761 0.07378
0.04783 -0.12740 -0.07323
0.04733 -0.13428 -0.27669
0.05022 -0.09436 0.07729
0.05792 0.01170 -0.17567
0.04328 -0.19004 -0.21070
0.04674 -0.14239 0.02604
0.04923 -0.10809 -0.23160
0.04047 -0.22883 -0.12345
0.05242 -0.06406 -0.08987
0.03495 -0.30479 -0.21945
0.04585 -0.15470 -0.09393
0.03826 -0.25930 -0.23775
0.05418 -0.03985 -0.21458
0.05196 -0.07039 -0.18867
0.05784 0.01064 0.18128
0.05422 -0.03927 -0.03098
0.04172 -0.21161 -0.13525
0.05576 -0.01807 -0.10216
0.05763 0.00767 0.15708
0.04263 -0.19899 -0.08916
0.03722 -0.27362 -0.15807
0.04221 -0.20482 -0.09735
0.03587 -0.29215 -0.18666
0.04954 -0.10381 -0.04107
0.04977 -0.10057 -0.02389
0.03989 -0.23674 -0.18245
0.04410 -0.17875 -0.18209
0.04928 -0.10739 -0.25946
0.04388 -0.18179 -0.27700
0.04724 -0.13554 -0.20010
0.03622 -0.28729 -0.19246
-0.05489 0.08358 0.13941
0.06085 -0.00260 0.15475
0.05968 0.27925 -0.10671
-0.01290 -0.31455 0.31487
-0.01582 -0.11656 0.32058
-0.01675 -0.07656 0.32159
-0.01383 -0.22910 0.31747
0.05512 0.36352 0.01108
-0.02455 -0.37012 0.15206
0.03158 -0.36888 0.13589
-0.04807 -0.11470 -0.08470
-0.04793 -0.11645 -0.06155
-0.04779 -0.11814 0.06283
-0.04785 -0.11744 -0.02182
-0.04832 -0.11165 -0.06428
-0.04816 -0.11361 -0.10516
-0.04816 -0.11367 0.06055
-0.04746 -0.12218 -0.07113
-0.05535 -0.10339 -0.16177
0.05284 -0.09300 0.11929
-0.02001 0.01083 -0.32329
-0.02597 -0.00322 -0.32036
-0.01539 -0.17072 -0.31916
-0.05685 -0.03242 -0.15242
-0.05851 -0.06473 0.17616
0.01555 -0.28477 0.31608
0.01529 -0.10054 0.32260
0.01560 -0.05639 0.32401
-0.04850 -0.10947 0.20836
-0.05081 -0.08131 0.20269
-0.05059 -0.08401 0.21753
-0.05514 0.11574 -0.13405
-0.05978 0.35728 0.05006
-0.04077 -0.20372 0.23750
-0.03868 -0.22925 0.22662
-0.03744 -0.24441 0.22676
-0.04128 -0.19754 0.22662
-0.04659 -0.13282 0.20283
-0.03655 -0.25519 0.23626
-0.04316 -0.17469 0.18414
-0.03831 -0.23383 0.24052
-0.04542 -0.14708 0.21578
-0.04563 -0.14447 0.17673
-0.03642 -0.25682 0.23176
-0.04482 -0.15441 0.20906
-0.03894 -0.22610 0.21685
-0.04633 -0.13601 0.17589
-0.02753 -0.36449 0.04178
-0.01859 -0.10610 0.31040
-0.01702 0.00085 0.31105
-0.05528 0.02202 0.15228
0.02869 -0.12632 -0.31496
0.03580 -0.04513 -0.31324
0.03234 -0.14485 -0.31130
0.03187 -0.02070 -0.31738
0.03086 -0.04655 -0.31696
0.00546 -0.23847 -0.32061
0.00462 -0.21566 -0.32136
0.00242 -0.14802 -0.32353
0.05963 0.01017 -0.18058
-0.04258 -0.18169 -0.08065
-0.04454 -0.15778 -0.13392
-0.04506 -0.15145 -0.12820
-0.03773 -0.24088 0.03065
-0.04360 -0.16925 -0.07316
-0.04633 -0.13599 -0.14351
-0.03799 -0.23769 0.02082
-0.04544 -0.14679 -0.12780
-0.03353 -0.29202 0.13140
-0.04638 -0.13539 -0.14934
-0.04374 -0.16761 -0.09361
-0.03643 -0.25668 0.08359
-0.03604 -0.26143 0.07117
-0.03123 -0.32012 0.19344
-0.03611 -0.26057 0.08142
-0.06065 0.02419 0.14406
0.00870 0.01090 0.31456
0.00449 0.00246 0.31511
0.06111 0.30358 0.10063
0.05853 -0.06460 -0.14210
0.03046 -0.36998 -0.28165
0.06076 0.09041 -0.13676
0.03294 -0.32978 0.28635
0.03688 -0.26906 0.28752
0.04754 -0.11188 0.28713
0.04392 -0.16210 0.28892
0.03205 -0.36652 0.02512
0.03363 -0.30994 -0.29182
0.03552 -0.29130 -0.28696
0.03259 -0.32792 -0.29050
0.03190 -0.23898 0.30501
0.03866 -0.15942 0.30221
0.04391 -0.03388 0.30484
0.03171 -0.24449 0.30485
0.04466 -0.05910 0.30196
0.04311 -0.01635 0.28482
0.04346 -0.01175 0.28397
0.05770 0.05881 -0.15293
-0.05627 0.32870 -0.07223
-0.06096 -0.02532 -0.15256
0.05598 0.02708 -0.15454
-0.05068 -0.08292 0.07205
-0.05310 -0.05345 -0.03656
-0.05299 -0.05482 0.12610
-0.05286 -0.05640 0.09723
-0.05312 -0.05317 0.10831
-0.05223 -0.06402 0.04028
-0.05167 -0.07089 0.12387
-0.05115 -0.07722 0.11373
-0.05373 -0.04572 0.00706
-0.05253 -0.06032 0.11205
-0.05341 -0.04970 0.07920
-0.05372 -0.04584 -0.02509
-0.05331 -0.05084 -0.02442
-0.05207 -0.06599 0.08250
-0.05415 0.01421 0.03244
-0.05606 0.08251 0.13448
-0.00297 -0.03512 0.31492
-0.00436 -0.06043 0.31474
0.03568 -0.23102 0.29989
0.03530 -0.25274 0.29763
0.03717 -0.21798 0.29819
0.05916 0.01290 -0.12396
-0.05486 0.25610 -0.12032
0.02203 -0.06583 0.31021
0.02331 -0.11317 0.30967
-0.04967 0.01264 -0.04996
-0.04588 0.01264 -0.24051
-0.04956 0.01264 -0.08935
-0.05981 0.35102 0.02916
-0.05614 0.32762 -0.09218
-0.03886 -0.07097 -0.28792
0.03889 0.01338 0.31449
0.05778 0.01400 0.16045
-0.05686 0.36017 -0.04659
-0.02092 -0.27718 -0.31162
-0.02677 -0.17044 -0.31208
-0.03713 0.00174 -0.31210
-0.02753 -0.10707 -0.31443
-0.02820 -0.01915 -0.31798
-0.03008 -0.02926 -0.31607
0.03571 -0.27958 0.29106
0.03228 -0.33568 0.28837
0.05727 -0.08641 -0.16417
0.03591 -0.05249 -0.29823
-0.06103 0.11227 0.13500
-0.06084 -0.00616 -0.14933
0.04116 -0.04727 -0.28952
0.04323 0.00631 -0.28453
-0.02464 -0.26789 -0.30879
-0.02842 -0.19137 -0.30955
-0.05561 0.07277 -0.14777
-0.05569 0.14441 0.12766
0.06025 0.05754 -0.13910
0.06081 0.22951 -0.12635
0.06024 0.36558 -0.01480
-0.05513 0.18553 0.12466
0.06307 -0.03499 -0.13850
-0.05216 -0.06484 0.18729
-0.05315 -0.05283 0.17922
-0.05557 0.34041 0.07530
0.04808 -0.04494 0.29711
0.03825 -0.21217 0.29643
0.04757 -0.05153 0.29739
0.04760 -0.09630 0.29076
0.03162 -0.32565 0.29589
0.05544 0.35517 0.01775
-0.05445 -0.02341 0.20585
0.06114 0.03114 -0.14844
0.06059 0.00526 0.15483
-0.05610 0.35710 -0.05035
-0.05816 0.18052 -0.12055
-0.05464 -0.03465 0.13719
-0.05620 0.15002 0.13900
0.05349 -0.04866 0.13639
0.05216 -0.06486 0.13469
0.03364 -0.04555 0.31478
0.02939 -0.07148 0.31681
0.02935 -0.12826 0.31413
0.02603 -0.17076 0.31465
0.03073 -0.03006 0.31776
0.03343 -0.07248 0.31366
-0.04309 0.01264 -0.21902
-0.04292 0.01264 0.19156
-0.04499 0.01264 0.08597
-0.04278 0.01264 -0.13982
-0.04434 0.01264 -0.08855
-0.02876 -0.28632 -0.30165
-0.02702 -0.30990 -0.30245
0.05858 -0.04387 0.14361
-0.00486 0.00603 -0.31467
0.00063 -0.06666 -0.31539
0.05742 -0.07804 -0.14919
-0.04906 -0.10267 0.13682
-0.04900 -0.10342 0.14422
0.05669 0.15431 0.13947
0.05960 0.34792 -0.03661
0.04238 -0.19431 -0.28439
0.05572 -0.01785 -0.27328
0.03761 -0.25877 -0.28773
-0.05324 0.01425 0.09711
-0.05555 0.10401 0.14296
0.05441 -0.11478 0.15148
-0.05482 0.19556 -0.12718
0.04923 -0.02267 0.29759
0.04093 -0.18393 0.29409
0.05407 -0.01050 0.28767
0.04827 -0.08095 0.29139
0.03837 -0.20775 0.29679
0.04233 -0.16190 0.29392
0.06032 0.18608 -0.13366
-0.05816 -0.06908 -0.17170
0.01935 -0.24607 0.31585
0.01946 0.00078 0.32440
0.02064 -0.17779 0.31769
0.02756 -0.00226 0.32094
0.01608 -0.23109 0.31773
-0.05626 0.01280 0.23817
0.06111 0.04318 -0.14528
-0.05180 0.01367 -0.00666
-0.05580 0.01337 -0.26381
-0.03067 -0.32606 0.27680
-0.04669 -0.13003 0.22615
-0.03748 -0.23802 0.26350
-0.05063 -0.06016 0.25195
-0.04216 -0.18479 0.24172
-0.04054 -0.18828 0.27558
-0.04023 -0.19501 0.27146
-0.04322 -0.15081 0.27546
-0.05148 -0.04238 0.26218
-0.04665 -0.12416 0.23749
-0.04215 -0.17742 0.25478
-0.04128 -0.18594 0.26136
-0.04587 -0.13673 0.23468
-0.04991 -0.07476 0.24393
-0.03568 -0.25696 0.27472
-0.03953 -0.21129 0.25996
-0.04799 -0.10313 0.24138
0.00361 -0.13322 -0.31523
0.00342 -0.10256 -0.31525
0.00344 0.00946 0.32780
-0.05917 0.09790 0.13094
-0.01654 -0.36875 -0.03500
0.00448 -0.36875 -0.03688
-0.00637 -0.36875 -0.06522
-0.00382 -0.36875 -0.14640
0.00008 -0.36875 -0.09169
-0.02009 -0.36875 -0.21446
0.01578 -0.36875 -0.00384
-0.01523 -0.36875 -0.02724
-0.02144 -0.36875 -0.17017
0.01026 -0.36875 -0.03210
-0.01451 -0.36875 -0.23302
0.01150 -0.36875 -0.05217
-0.00838 -0.36875 -0.03548
-0.00947 -0.36875 -0.14923
-0.03799 -0.12443 0.30181
-0.03066 -0.21533 0.30447
-0.02889 -0.23425 0.30535
0.03683 -0.04709 0.29702
0.03733 -0.06967 0.29639
-0.05238 -0.06222 0.17833
-0.05280 -0.05702 0.16652
0.05460 0.01356 -0.20185
0.02952 -0.36059 -0.29648
0.03241 -0.30123 -0.29807
0.04509 -0.13822 -0.29095
-0.05488 -0.01298 0.07077
-0.04032 -0.09080 0.30132
-0.02611 -0.28266 0.30530
-0.03020 -0.24244 0.30301
0.01465 -0.06601 -0.31326
0.01547 -0.05828 -0.31292
-0.05637 0.14013 0.14061
-0.05394 -0.04318 -0.15045
-0.05409 -0.03465 0.22351
-0.05414 -0.03208 0.23005
-0.01390 -0.14395 -0.31234
-0.01721 -0.12936 -0.31098
-0.01008 -0.03778 -0.32520
-0.00746 -0.27806 -0.31884
-0.00816 -0.20570 -0.32077
-0.00441 -0.09366 -0.32438
-0.01004 -0.05638 -0.32468
-0.05498 0.35737 0.01844
0.00471 -0.03573 0.31508
0.00776 -0.00958 0.31468
0.05478 -0.11032 -0.16335
-0.04561 0.01264 -0.07077
-0.04918 0.01264 0.03316
-0.04500 0.01264 0.12695
-0.04381 0.01264 0.16543
0.06086 0.01649 0.14601
0.03891 -0.25021 -0.11085
0.03641 -0.28474 -0.04546
0.03376 -0.32129 -0.02019
0.03432 -0.31351 -0.08522
0.03564 -0.29539 -0.07645
0.04986 -0.09941 0.18323
0.03735 -0.27177 -0.02823
0.03485 -0.30630 0.04373
0.03479 -0.30700 0.00618
0.03497 -0.30458 -0.07410
0.05296 -0.05661 0.21461
0.03096 -0.35991 -0.13269
0.04537 -0.16122 0.12255
0.03036 -0.36809 -0.14714
0.05119 -0.08107 0.14784
0.03105 -0.35864 -0.26394
0.04829 -0.12095 0.15188
0.04418 -0.17765 0.03826
0.04524 -0.16299 0.07926
0.04289 -0.19542 0.01664
0.03612 -0.28877 -0.10463
0.04055 -0.22762 0.06392
0.03713 -0.27486 -0.04460
0.03648 -0.28380 0.02672
0.05314 -0.05413 0.19917
0.03033 -0.36853 -0.10468
0.03531 -0.29984 -0.12596
0.03753 -0.26935 0.01622
0.03935 -0.24421 -0.02578
0.03570 -0.29450 -0.09453
0.03316 -0.32955 -0.20513
0.04833 -0.12039 0.17048
0.04253 -0.20033 0.08618
0.03728 -0.27271 -0.07660
0.03692 -0.27773 0.03714
0.03840 -0.25735 0.02814
0.04481 -0.16901 0.12864
0.04185 -0.20975 0.07973
0.03744 -0.27059 0.05360
0.03220 -0.34280 -0.04388
0.04904 -0.11060 0.11648
0.03360 -0.32340 -0.09470
0.04149 -0.21471 0.06618
0.04383 -0.18243 -0.00592
0.05251 -0.06290 0.18955
0.03557 -0.29636 -0.08220
0.03509 -0.30290 -0.17273
0.05397 -0.04274 0.21833
0.05112 -0.08204 0.19564
0.04450 -0.17329 0.00693
0.04903 -0.11077 0.09330
0.03988 -0.23687 0.01767
0.03137 -0.35426 -0.15260
0.03321 -0.32885 -0.19528
0.03447 -0.31147 -0.11633
0.03378 -0.32099 -0.10893
0.03469 -0.30840 -0.12578
0.03618 -0.28795 -0.14481
0.04866 -0.11594 0.16683
0.04296 -0.19448 0.09383
0.03363 -0.32307 -0.15762
0.03644 -0.28432 -0.09388
0.03376 -0.32131 -0.08665
0.03293 -0.33277 -0.11062
0.05268 -0.06053 0.21146
0.04217 -0.20535 0.05188
0.05195 -0.07062 0.16691
0.03999 -0.23541 0.05929
0.03802 -0.26259 0.06482
0.03228 -0.34166 -0.13713
0.04613 -0.15084 0.06835
0.04013 -0.23348 0.00678
0.05236 -0.06492 0.16282
0.03686 -0.27855 -0.13951
0.04419 -0.17757 0.11454
0.03214 -0.34355 -0.16672
0.04488 -0.16806 0.01075
0.03779 -0.26567 -0.10115
0.03449 -0.31125 -0.09553
0.04010 -0.23382 0.08361
0.04140 -0.21590 0.02061
0.04167 -0.21228 0.05141
0.03669 -0.28083 -0.07238
0.04862 -0.11650 0.10043
0.03275 -0.33519 -0.17054
0.03052 -0.36585 -0.19845
0.04243 -0.20183 0.02910
0.04611 -0.15103 0.04865
0.03170 -0.34968 -0.24055
0.04494 -0.16718 0.02607
0.03760 -0.26839 -0.11593
0.03034 -0.36845 -0.00277
0.05150 -0.07671 0.20155
0.04253 -0.20042 0.05310
0.03469 -0.30847 -0.11260
0.04069 -0.22577 -0.01423
0.03339 -0.32637 -0.04318
0.03121 -0.35637 -0.20190
0.04152 -0.21433 0.05949
0.04560 -0.15805 0.03110
0.03210 -0.34415 -0.08081
0.03446 -0.31155 -0.05520
-0.00980 -0.11736 -0.31402
-0.00972 -0.13273 -0.31403
-0.01147 -0.05513 0.31335
-0.01311 -0.06364 0.31267
-0.05477 -0.02974 0.11432
-0.05452 -0.01584 0.01175
-0.05429 -0.03302 0.03208
-0.05476 -0.02443 0.09165
-0.05432 -0.02619 0.01177
0.05543 0.00067 -0.15617
0.00962 -0.36888 -0.31761
-0.00270 -0.34813 -0.31752
-0.00136 -0.36509 -0.31722
0.05936 0.33368 -0.06373
-0.01726 -0.05021 -0.31095
0.05529 0.35226 0.05546
0.05337 -0.00597 -0.29005
0.04651 -0.06792 -0.29768
0.04502 -0.11278 -0.29480
0.05135 -0.03167 -0.29122
0.03688 -0.22999 -0.29756
0.04379 -0.14333 -0.29337
0.03026 -0.36426 0.25277
-0.02555 -0.02638 0.30572
-0.02921 -0.04320 0.30291
-0.04942 -0.11900 -0.16099
0.05579 -0.00867 0.27741
0.05397 -0.02287 0.28392
0.05628 0.00247 0.27937
0.04657 -0.12820 0.28615
0.05199 -0.05924 0.28029
0.03188 -0.36830 -0.01787
0.00055 0.00416 -0.32776
-0.01129 0.00104 -0.32612
-0.00072 -0.00904 -0.32723
-0.00373 -0.00157 -0.32704
-0.05486 0.18493 -0.12932
0.03484 -0.21039 -0.30371
0.02677 -0.31838 -0.30626
0.03174 -0.27815 -0.30275
-0.01387 -0.07449 -0.31236
-0.05944 0.28859 0.11812
0.05998 0.09391 -0.14617
0.01585 -0.35334 0.31357
0.02180 -0.14405 0.31839
0.02573 -0.07664 0.31910
0.02133 -0.08980 0.32047
0.02290 -0.07093 0.32047
0.05966 0.01180 0.15268
0.03030 -0.36790 -0.22284
0.02047 -0.09725 -0.32075
0.02245 -0.07177 -0.32077
0.01834 -0.20835 -0.31794
0.05957 0.02273 0.14116
0.01567 -0.22026 0.31827
0.05816 -0.09593 0.14524
-0.05500 0.01118 0.15214
-0.05095 -0.10220 0.12555
-0.05593 0.10429 -0.14466
-0.05386 -0.04414 -0.19587
-0.05161 -0.07156 -0.18687
0.05570 0.25119 -0.12555
0.02916 -0.23666 0.30877
0.02325 -0.36255 0.30696
0.03552 -0.12470 0.30892
0.06032 0.31752 -0.08543
-0.00263 -0.02196 -0.31496
-0.06076 -0.03242 -0.14549
0.05673 -0.08655 -0.13704
0.04877 -0.11026 0.27862
0.04811 -0.11216 0.28265
0.04528 -0.14954 0.28502
0.05020 -0.07840 0.28412
-0.00483 0.01374 0.32761
-0.03636 -0.18091 0.29826
-0.03932 -0.14952 0.29574
-0.04303 -0.10658 0.29306
-0.04565 -0.05871 0.29375
-0.04448 -0.07217 0.29461
0.05490 0.16213 0.12918
-0.02971 -0.16788 0.30930
-0.03082 -0.19732 0.30563
0.05992 -0.04759 0.15555
-0.02914 -0.06553 -0.30297
0.03508 -0.11818 0.29931
0.03330 -0.03628 0.30163
-0.05288 0.01170 -0.28671
0.05611 0.35511 0.00175
0.06064 0.27709 0.11794
0.05253 -0.06040 0.16084
0.05066 -0.08317 0.18032
0.04966 -0.09536 0.17056
0.05146 -0.07341 0.17412
0.06284 -0.03783 0.15584
0.04352 -0.02132 -0.28384
-0.04058 -0.20604 -0.04099
-0.03963 -0.21764 0.00208
-0.04600 -0.14001 -0.16076
-0.03206 -0.30997 0.18006
-0.03834 -0.23336 0.02990
-0.04577 -0.14276 -0.17058
-0.03861 -0.23008 0.00400
-0.04175 -0.19177 -0.04950
-0.03106 -0.32222 0.19922
-0.03907 -0.22450 0.00375
-0.04098 -0.20123 -0.05777
-0.04411 -0.16302 -0.12989
-0.04465 -0.15641 -0.12934
-0.04564 -0.14436 -0.16385
-0.04698 -0.12809 -0.19445
-0.05302 0.01419 0.19654
-0.05534 0.33424 0.08240
0.00577 0.01033 -0.31494
-0.06050 0.03485 -0.15207
-0.06100 0.11040 0.13950
0.03031 -0.36874 -0.26790
-0.02346 -0.08513 -0.30733
-0.05102 0.01290 0.15674
0.03919 -0.03150 -0.31125
0.02672 -0.27813 -0.30929
0.03663 -0.10345 -0.30927
0.02395 -0.32666 -0.30932
-0.05060 -0.07297 -0.23435
-0.04939 -0.09479 -0.22611
-0.05134 -0.06268 -0.23590
-0.05067 -0.07625 -0.22960
0.06104 0.35846 -0.01208
-0.04746 -0.12215 -0.19651
-0.04906 -0.10268 -0.19762
0.05548 0.12734 -0.14039
-0.05516 0.35880 0.03657
-0.06102 -0.00062 -0.15403
0.02968 -0.11936 -0.30483
0.02556 -0.08322 -0.30799
-0.05815 -0.00310 -0.16075
0.05053 0.01264 -0.10907
0.04854 0.01264 -0.12035
0.04582 0.01264 -0.20009
0.04638 0.01264 0.10236
0.01423 0.01401 -0.32376
-0.05391 -0.09264 0.19075
-0.05827 -0.05530 -0.17789
0.05508 0.01199 0.15251
-0.05468 -0.10011 -0.12557
0.06247 -0.04214 -0.14697
0.05933 -0.05482 -0.14951
-0.02186 -0.36875 0.29228
-0.02146 -0.12219 0.30887
-0.02615 -0.10855 0.30527
-0.05635 0.15128 0.12510
0.06108 0.27437 -0.11341
-0.01751 -0.36875 0.17417
-0.01895 -0.36875 0.27617
0.00062 -0.36875 0.22662
-0.01509 -0.36875 0.26399
-0.02245 -0.36875 0.25906
-0.00323 -0.36875 0.27734
-0.01937 -0.36875 0.15412
0.00226 -0.36875 0.26784
-0.00316 -0.36875 0.15018
0.01125 -0.36875 0.22708
-0.00625 -0.36875 0.12867
-0.01845 -0.36875 0.23319
0.01356 -0.36875 0.24029
0.05735 0.14622 -0.12501
-0.05498 0.00221 -0.24141
-0.05325 -0.05154 0.15887
-0.06089 0.35446 0.04688
0.00850 -0.36875 0.30816
-0.06108 0.35547 0.03145
-0.02882 -0.36828 -0.13067
-0.02901 -0.36757 0.04477
0.05485 -0.01365 0.15346
-0.02724 -0.36851 -0.23361
-0.02719 -0.36613 0.20952
-0.05821 -0.06846 0.16296
-0.05983 -0.01865 0.14697
0.02780 -0.37016 -0.10811
-0.05562 -0.02130 -0.14935
-0.04534 -0.11607 0.27894
-0.03767 -0.21807 0.28467
-0.02943 -0.32603 0.29171
-0.04058 -0.18412 0.28007
0.02520 -0.21669 -0.31347
0.02639 -0.27121 -0.31005
0.02961 -0.03536 -0.31844
0.02687 -0.23293 -0.31144
0.03764 -0.05062 -0.31157
0.05490 0.23454 0.12019
0.02661 -0.36940 0.18369
0.03996 -0.13478 0.30238
0.03243 -0.21656 0.30602
0.03971 -0.04176 0.30972
-0.01176 -0.37014 0.31314
-0.04836 0.01264 0.18925
-0.05002 0.01264 0.21611
0.03221 -0.34262 -0.00881
0.04174 -0.21131 0.02074
0.03812 -0.26124 0.00152
0.04328 -0.19007 0.00959
0.03332 -0.32734 -0.13846
0.03262 -0.33691 -0.22750
0.03706 -0.27579 -0.06415
0.04088 -0.22317 -0.04539
0.04084 -0.22362 -0.03907
0.04941 -0.10550 0.17247
0.04445 -0.17391 0.02506
0.04175 -0.21107 0.03008
0.04355 -0.18639 0.07012
0.03379 -0.32091 -0.20814
0.04946 -0.10493 0.10492
0.03692 -0.27769 -0.02020
0.03049 -0.36634 -0.14275
0.04151 -0.21440 -0.01217
0.04409 -0.17884 0.10736
0.03712 -0.27495 -0.04911
0.04516 -0.16408 0.01381
0.04510 -0.16500 0.04326
0.03484 -0.30633 -0.04934
0.03972 -0.23910 0.08883
0.03545 -0.29795 -0.04138
0.03046 -0.36678 -0.23807
0.03907 -0.24810 0.06753
0.03454 -0.31051 -0.04436
0.03770 -0.26690 -0.03597
0.03988 -0.23687 0.07342
0.04460 -0.17190 0.05410
0.03469 -0.30847 -0.00640
0.03798 -0.26306 -0.09379
0.03133 -0.35470 -0.18389
0.04835 -0.12011 0.14391
0.03268 -0.33608 -0.06338
0.03383 -0.32030 -0.00695
0.03351 -0.32467 -0.17453
0.04255 -0.20006 -0.01555
0.03391 -0.31926 -0.14287
0.04275 -0.19737 -0.00990
0.03726 -0.27305 -0.12767
0.04045 -0.22910 -0.01122
0.03175 -0.34897 0.00322
0.04345 -0.18768 -0.00865
0.03709 -0.27539 -0.00092
0.04529 -0.16229 0.05063
0.03657 -0.28259 -0.08403
0.03042 -0.36724 -0.09948
0.03784 -0.26503 0.00811
0.04617 -0.15021 0.14446
0.03739 -0.27127 -0.05810
0.03350 -0.32484 -0.10553
0.03780 -0.26555 -0.04227
0.03377 -0.32106 -0.03837
0.04194 -0.20855 0.08960
0.03901 -0.24890 -0.08040
0.05139 -0.07826 0.14051
0.03987 -0.23706 0.00232
0.04353 -0.18655 -0.01467
0.04959 -0.10306 0.17732
0.04255 -0.20010 0.04726
0.03067 -0.36384 -0.17676
0.03871 -0.25297 0.02863
0.03193 -0.34644 -0.20759
0.03406 -0.31712 -0.16175
0.05013 -0.09570 0.14735
0.03076 -0.36260 -0.21358
0.04613 -0.15075 0.10278
0.03609 -0.28921 -0.09094
0.03066 -0.36395 -0.16963
0.03786 -0.26472 0.03152
0.03065 -0.36412 -0.02787
0.05339 -0.05077 0.19383
0.04003 -0.23489 -0.03446
0.03220 -0.34276 -0.12878
0.04511 -0.16482 0.13047
0.03102 -0.35900 -0.14700
0.03242 -0.33976 -0.04834
0.03594 -0.29128 -0.12633
0.03321 -0.32882 -0.12131
0.03195 -0.34623 -0.25208
0.03691 -0.27788 0.01712
0.00488 -0.26991 0.31935
0.00288 -0.06365 0.32569
0.00546 -0.35890 0.31665
0.03036 -0.37001 0.07165
-0.05483 0.32481 -0.08588
0.05972 0.01044 0.00329
0.05757 0.11781 -0.12850
0.06009 0.16267 0.13659
0.06041 0.18396 0.12302
-0.06094 0.01101 0.15242
-0.06018 0.13422 0.13995
-0.04892 -0.10435 0.07697
-0.04901 -0.10324 0.02583
-0.04905 -0.10284 0.06356
-0.04905 -0.10282 -0.02504
-0.04946 -0.09780 0.11458
-0.04945 -0.09790 -0.01037
-0.05517 -0.06274 -0.12990
-0.05496 0.02660 0.14989
0.05009 -0.01123 -0.29722
0.05070 -0.02310 -0.29403
0.05044 -0.00141 -0.29778
0.04698 -0.05056 -0.29905
0.03668 -0.21851 -0.29969
-0.05692 -0.08144 -0.18505
0.05790 0.00847 -0.09885
0.05828 0.35384 0.06198
-0.06019 0.24309 0.12620
0.03456 -0.31027 0.11916
0.03188 -0.34714 0.23357
0.04629 -0.14860 0.23580
0.04207 -0.20671 0.23737
0.03897 -0.24945 0.19323
0.03499 -0.30431 0.19854
0.04100 -0.22148 0.25567
0.04221 -0.20474 0.16270
0.04039 -0.22985 0.16774
0.03227 -0.34186 0.21813
0.04232 -0.20331 0.25254
0.03960 -0.24073 0.18451
0.03832 -0.25838 0.23567
0.03085 -0.36135 0.13187
0.03285 -0.33377 0.09344
0.05031 -0.09320 0.25298
0.04573 -0.15625 0.18619
0.04619 -0.14992 0.17387
0.05673 -0.00472 0.27053
0.03557 -0.29637 0.20652
0.03369 -0.32226 0.15221
0.04125 -0.21807 0.24106
0.04050 -0.22842 0.25036
0.03812 -0.26123 0.19312
0.04644 -0.14649 0.21875
0.05143 -0.07778 0.23762
0.04915 -0.10910 0.19043
0.03790 -0.26415 0.28006
0.03267 -0.33630 0.05685
0.03656 -0.28271 0.14562
0.03297 -0.33210 0.11713
0.04251 -0.20070 0.11989
0.03306 -0.33094 0.17216
0.03310 -0.33032 0.15712
0.03331 -0.32739 0.04460
0.03335 -0.32687 0.19880
0.03589 -0.29197 0.21835
0.04219 -0.20504 0.18428
0.03143 -0.35341 0.02000
0.03572 -0.29428 0.19303
0.03922 -0.24598 0.27539
0.03107 -0.35828 0.19089
0.03641 -0.28471 0.24244
0.03389 -0.31951 0.16645
0.04363 -0.18518 0.14075
0.03329 -0.32779 0.03345
0.04129 -0.21748 0.24899
0.03809 -0.26158 0.20532
0.03401 -0.31787 0.07380
0.03218 -0.34299 0.15800
0.03671 -0.28057 0.19234
0.03146 -0.35297 0.03134
0.04074 -0.22501 0.26113
0.04007 -0.23426 0.20453
0.04967 -0.10192 0.25882
0.03336 -0.32678 0.10163
0.03142 -0.35356 0.01329
0.04363 -0.18521 0.25869
0.03589 -0.29184 0.24351
0.03371 -0.32200 0.27420
0.04102 -0.22122 0.12598
0.03908 -0.24791 0.09985
0.03542 -0.29835 0.26311
0.04821 -0.12208 0.25165
0.03169 -0.34976 0.13662
0.03936 -0.24402 0.24657
0.05508 -0.02738 0.25347
0.03817 -0.26054 0.14520
0.05254 -0.06240 0.24550
0.03670 -0.28080 0.07733
0.04965 -0.10223 0.27195
0.05087 -0.08542 0.26713
0.04629 -0.14860 0.20136
0.05246 -0.06347 0.26416
0.04361 -0.18557 0.27200
0.03655 -0.28276 0.27558
0.03580 -0.29320 0.23466
0.03038 -0.36785 0.15147
0.03448 -0.31133 0.27560
0.03045 -0.36683 0.12108
0.04275 -0.19737 0.19717
0.03894 -0.24988 0.13142
0.03151 -0.35232 0.18751
0.03623 -0.28721 0.22914
0.03659 -0.28223 0.13867
0.04832 -0.12055 0.17848
0.03682 -0.27913 0.15124
0.04689 -0.14027 0.26200
0.04516 -0.16409 0.27641
-0.05217 -0.09737 0.19207
-0.05998 -0.04684 0.15189
-0.05790 -0.07219 0.15890
-0.04165 -0.10689 -0.27733
-0.04121 -0.13139 -0.28073
-0.05981 0.04810 -0.13912
-0.05296 0.01417 -0.08599
0.00473 -0.06764 0.32533
0.00527 -0.04366 0.32597
0.00585 -0.10044 0.32422
0.00598 -0.06006 0.32539
0.01429 -0.06603 0.32412
0.04509 -0.00404 -0.27372
0.04395 -0.12481 -0.28241
-0.01237 -0.09164 0.32288
-0.01140 -0.17763 0.32027
-0.05943 0.19304 -0.12006
-0.06116 0.08666 0.14028
0.02964 -0.04788 0.30486
0.00143 -0.36640 0.31856
-0.03942 -0.05250 -0.30550
-0.04405 0.00392 -0.30365
-0.03352 -0.16766 -0.30465
-0.02615 -0.29755 -0.30462
-0.05164 -0.07119 -0.22062
-0.05067 0.01264 0.14154
-0.04535 0.01264 0.27058
0.03054 -0.36992 0.23622
0.01511 -0.18652 -0.32000
0.01436 -0.25990 -0.31788
0.01311 -0.33280 -0.31598
-0.05130 -0.07534 -0.12551
-0.05185 -0.06869 -0.01923
-0.05041 -0.08627 -0.05171
-0.04978 -0.09396 0.03280
-0.05128 -0.07564 -0.07187
-0.05195 -0.06743 -0.02401
-0.05229 -0.06328 -0.12298
-0.05155 -0.07233 -0.10172
-0.05062 -0.08362 -0.07437
-0.05073 -0.08237 -0.08852
-0.05116 -0.07711 -0.00520
-0.06051 0.27226 0.11966
0.04900 -0.10336 0.15696
0.04865 -0.10766 0.14071
0.05485 -0.10948 0.16219
-0.00854 -0.16588 0.32154
-0.00418 -0.03420 0.32600
-0.00580 -0.11925 0.32327
-0.00886 -0.04737 0.32499
-0.00555 -0.30890 0.31771
-0.04948 -0.09752 -0.08990
-0.04779 -0.11818 0.12554
-0.04940 -0.09859 -0.08314
-0.04871 -0.10694 0.12680
-0.04922 -0.10068 0.04415
-0.06112 0.13897 -0.13522
-0.05943 -0.05352 0.14169
-0.05289 -0.05603 -0.07090
-0.05334 -0.05045 -0.09664
-0.05362 -0.04713 0.13322
-0.05373 -0.04569 0.08860
-0.05260 -0.05953 -0.04601
-0.05306 -0.05390 0.05106
-0.05133 -0.07495 0.09157
-0.05246 -0.06128 0.12634
-0.05298 -0.05493 0.02956
-0.05193 -0.06765 0.06612
-0.01924 -0.12668 0.31881
-0.01278 -0.32293 0.31463
-0.01422 -0.08612 0.32231
-0.01632 -0.26366 0.31523
-0.01410 -0.06920 0.32294
-0.02536 -0.00215 0.32062
-0.01107 -0.15432 0.32123
-0.01093 -0.21727 0.31908
0.06081 0.13190 0.13110
-0.02436 -0.37001 0.03899
-0.06010 0.31008 0.09068
0.05668 0.20486 -0.13371
