-0.04189 -0.08399 -0.01576
-0.02234 -0.01053 0.29595
-0.02070 0.20014 -0.36583
-0.04049 0.28043 0.08327
-0.04049 0.28142 0.26685
-0.04049 0.28039 -0.04481
0.00272 0.20237 0.40625
-0.00412 0.20272 0.40628
-0.02409 0.19720 0.40577
-0.02234 -0.25293 -0.02167
-0.02234 -0.25344 0.02070
-0.02234 -0.25358 0.08693
-0.02234 -0.04603 -0.23694
0.04049 -0.23730 -0.03481
0.04049 -0.23625 0.26924
0.04049 -0.23599 -0.07946
0.04049 -0.23591 0.29322
0.04189 0.22211 0.02982
0.04189 0.21652 0.36393
0.03587 -0.24325 0.38019
-0.02234 -0.10207 0.38014
-0.02234 -0.07833 0.37576
0.04049 -0.28680 0.20757
0.04049 -0.28617 -0.04927
0.00143 -0.05014 0.09323
-0.04049 -0.06380 -0.03016
0.03079 -0.16307 -0.35919
-0.01440 0.24032 -0.35992
0.03355 -0.07216 -0.02697
-0.03613 0.25402 0.38823
0.04189 0.28188 -0.09885
0.04189 0.28036 0.03809
0.04189 0.28041 0.33674
-0.04049 0.00853 -0.40233
-0.04049 0.03694 -0.31280
-0.04049 0.12939 0.20846
-0.04049 0.05037 -0.25450
-0.04049 0.04934 -0.20747
-0.04049 0.03589 -0.25512
-0.04049 0.14398 0.28824
-0.04049 0.05987 -0.17590
-0.04049 0.02498 -0.38887
-0.04049 0.05018 -0.18195
-0.04049 0.22512 -0.03602
-0.04049 0.22518 -0.04570
-0.00362 -0.21213 0.38797
0.04189 -0.00551 -0.06427
-0.03042 -0.00446 -0.26570
0.00560 0.06740 0.39386
-0.00172 0.04775 0.39206
-0.00106 0.04032 0.39138
0.02631 0.07759 0.39480
0.03193 0.07870 0.39490
0.01835 0.03411 0.39081
0.00556 0.07303 0.39438
0.02817 0.10666 0.39747
0.02216 0.10849 0.39763
0.01376 -0.06996 -0.03839
0.04189 0.24753 0.25197
0.04189 0.24758 -0.14314
0.03994 -0.15627 -0.35919
0.03945 -0.18037 -0.35919
-0.02234 -0.11125 0.38232
-0.02234 -0.17030 0.37920
-0.04049 0.22341 -0.05205
-0.04049 0.21520 0.37336
0.04189 0.25431 -0.16269
0.00958 0.27709 -0.34282
-0.01815 -0.11975 -0.35919
0.04189 -0.03891 -0.12738
0.04189 -0.04103 0.09899
0.04049 -0.01840 0.23488
0.04049 -0.02960 0.15474
0.04189 -0.00103 0.07665
0.04189 -0.00258 -0.10147
-0.00238 0.28448 0.35947
0.00705 -0.22969 0.38511
0.01711 -0.02681 0.14275
-0.01903 0.27394 -0.34633
-0.01390 -0.25763 -0.33780
-0.00233 -0.26343 -0.33266
0.04189 0.18684 -0.27673
0.04189 0.19189 -0.07406
0.04189 0.20567 0.24044
0.04189 0.18120 -0.13552
0.04189 0.19438 0.00919
0.04189 0.17847 -0.36866
0.04189 0.20427 0.24637
0.04189 0.18742 -0.22570
0.04189 0.19928 0.05330
0.04189 0.20862 0.36680
0.04189 -0.06863 -0.01840
-0.02234 -0.21978 -0.02937
-0.02234 -0.21818 -0.22517
-0.02234 -0.21868 0.05888
0.03223 -0.26903 -0.32685
-0.00760 0.02291 -0.40259
-0.04049 -0.00702 -0.05158
0.00145 0.00308 -0.35919
-0.03407 -0.00990 -0.23423
0.04189 0.13847 -0.29164
0.04189 0.16724 -0.02291
0.04189 0.18196 0.06105
0.04189 0.18657 0.12387
0.04189 0.13101 -0.34460
0.04189 0.17390 -0.03013
0.04189 0.19659 0.25794
0.04189 0.16268 -0.09346
0.04189 0.18621 0.14725
-0.04049 0.14288 0.03026
-0.04049 0.13987 0.04333
-0.04049 0.15509 0.27891
-0.04049 0.12659 -0.20246
-0.04049 0.13717 -0.03671
-0.04049 0.13443 -0.01001
-0.04049 0.12354 -0.30073
-0.04049 0.11165 -0.33955
-0.04049 0.14404 0.01489
-0.03939 -0.08981 -0.06545
0.04189 0.00531 -0.22229
0.02605 0.20844 0.40680
-0.03465 0.20081 0.40610
-0.02475 0.17315 0.40357
-0.02234 -0.19518 -0.32995
-0.02234 -0.18494 -0.27789
0.04189 0.24915 0.11187
0.04189 0.24857 0.22744
0.04049 -0.00345 -0.29259
-0.02234 -0.05825 -0.13121
0.02853 -0.09216 0.38823
-0.03374 -0.06561 0.03910
0.04049 -0.04259 -0.31916
0.04049 -0.04592 -0.34466
0.04049 -0.06626 -0.23579
0.04049 -0.12343 -0.22830
0.04049 -0.07993 -0.24104
0.04049 -0.10060 -0.22173
0.04049 -0.08654 -0.33681
0.04049 -0.09226 -0.17438
0.04049 -0.09754 -0.15088
0.04049 -0.09584 -0.26098
0.04049 -0.08575 -0.20807
0.04049 -0.02339 -0.26372
0.04049 -0.05865 -0.23738
0.04049 -0.03262 -0.30667
0.04049 -0.10646 -0.35228
0.04049 -0.10708 -0.33136
0.04049 -0.04149 -0.33823
0.04049 -0.17096 -0.31741
0.04049 -0.07075 -0.31767
0.04049 -0.02025 -0.33072
0.04049 -0.04894 -0.17602
0.04049 -0.07003 -0.19649
0.04049 -0.13763 -0.31568
0.04049 -0.12327 -0.20694
0.04049 -0.09207 -0.17972
0.04049 -0.01666 -0.27873
0.04049 -0.08819 -0.27190
0.04049 -0.07804 -0.28306
0.04049 -0.03164 -0.29710
0.04049 -0.15895 -0.30521
0.04049 -0.16136 -0.35574
0.04049 -0.03616 -0.32262
0.04049 -0.02402 -0.25315
0.04049 -0.10813 -0.25206
0.04049 -0.10266 -0.21413
0.04049 -0.10919 -0.34010
0.02816 0.25988 -0.35570
-0.02234 -0.05278 0.11564
0.04189 0.24224 -0.16314
0.04189 0.24274 0.18152
-0.04049 0.22812 -0.10009
-0.04049 0.22870 0.08476
0.04049 -0.25952 -0.26840
0.04049 -0.25628 0.03599
0.04049 -0.25726 -0.17477
0.04049 -0.25790 -0.21934
-0.04049 0.21935 0.23546
-0.01432 0.28687 0.34992
0.04049 -0.26770 -0.05991
0.04049 -0.26801 0.13337
0.04049 -0.26791 -0.31763
-0.02234 -0.24979 0.34482
-0.02234 -0.24926 0.00595
-0.02234 -0.24990 0.25866
0.03311 -0.28736 -0.26409
0.03173 -0.28736 0.04695
0.02386 -0.28736 0.06618
0.01766 -0.28736 -0.15785
0.02452 -0.28736 -0.16254
0.03048 -0.28736 0.01517
-0.01464 -0.28736 -0.23054
-0.00647 -0.28736 -0.27955
0.03387 -0.28736 0.19641
0.03663 -0.28736 -0.13260
0.00696 -0.28736 -0.04071
0.00819 -0.28736 -0.25063
0.01833 -0.28736 -0.11345
0.01003 -0.28736 -0.22766
0.01995 -0.28736 0.07845
0.03158 -0.28736 0.13361
0.00902 -0.28736 -0.28629
0.02206 -0.28736 0.09917
0.01020 -0.28736 -0.21135
0.01003 -0.28736 -0.23480
0.01664 -0.28736 -0.29153
0.02160 -0.28736 -0.20580
0.02543 -0.28736 0.04017
0.02560 -0.28736 -0.06235
0.03884 -0.28736 0.10492
0.04189 0.26817 -0.28871
0.04189 0.26742 0.00420
0.04189 0.26621 -0.12410
0.04189 0.11342 -0.19280
0.04189 0.11181 -0.19940
0.04189 0.14538 -0.00064
0.04189 0.13676 -0.00202
0.04189 0.09245 -0.30027
0.04189 0.15574 0.09181
0.04189 0.10434 -0.24345
0.04189 0.07915 -0.35731
0.04189 0.14723 0.03766
0.04189 0.17339 0.17388
-0.02234 -0.05216 0.10329
-0.02234 -0.22263 -0.11266
-0.02234 -0.22284 0.36414
-0.02234 -0.22559 0.35942
0.04049 -0.27537 -0.27208
0.04049 -0.27625 -0.23516
0.04049 -0.27476 0.14495
0.02673 -0.07085 -0.02508
-0.02234 -0.02051 -0.24115
-0.02234 -0.10010 0.38790
-0.01194 -0.06712 -0.06359
0.04189 0.00001 -0.16631
0.04189 -0.00022 -0.19622
-0.02234 -0.25390 -0.06929
-0.02234 -0.25324 -0.08238
-0.04049 -0.01586 -0.11873
-0.04049 -0.01814 -0.08741
-0.02234 -0.05575 0.14053
-0.02234 -0.06186 -0.12426
0.04189 -0.02165 -0.08980
-0.04049 0.16550 0.16508
-0.04049 0.16831 0.32764
-0.04049 0.19465 0.35471
-0.04049 0.17313 -0.04611
-0.04049 0.16900 0.17349
-0.04049 0.18388 0.22136
-0.04049 0.16736 0.07061
-0.04049 0.18272 0.30070
-0.04049 0.16483 0.32375
-0.04049 0.18603 0.32388
-0.04049 0.17170 -0.25951
-0.04049 0.17399 -0.11962
-0.04049 0.17153 0.38324
-0.04049 0.17234 0.28546
-0.04049 0.17429 0.27788
-0.04049 0.17809 0.00698
-0.04049 0.20098 0.25031
-0.04049 0.17422 0.29460
-0.04049 0.17120 -0.26456
-0.04049 0.17369 0.34440
-0.04049 0.17076 0.02409
-0.04049 0.16687 0.35130
-0.04049 0.19485 0.25149
-0.04049 0.19367 0.10343
0.01059 -0.26337 0.36745
-0.02234 -0.04229 0.22109
-0.02234 -0.25459 0.37165
-0.04049 0.24453 0.21105
-0.04049 0.24688 0.14700
0.04189 0.23881 -0.09434
0.04189 0.23458 0.09582
-0.02234 -0.19137 -0.30994
-0.02234 -0.17464 -0.22810
-0.01003 0.25023 0.38969
-0.04049 0.05265 -0.35047
-0.04049 0.13847 0.24309
-0.04049 0.10688 0.05539
-0.04049 0.05919 -0.21084
-0.04049 0.07757 -0.15104
-0.04049 0.10373 0.04075
-0.04049 0.06184 -0.27309
-0.04049 0.05654 -0.27809
-0.04049 0.06035 -0.23909
-0.04049 0.06915 -0.16792
0.04049 -0.28610 0.21554
0.04049 -0.28700 -0.21401
-0.04049 -0.06068 -0.01494
0.03304 -0.24421 -0.34704
-0.02234 -0.26262 0.22508
-0.02234 -0.26211 -0.16467
-0.02234 -0.14142 -0.10614
-0.02234 -0.02173 -0.25998
-0.02024 0.00088 -0.30601
0.04189 0.26237 0.30344
0.04189 0.26172 -0.26303
0.04189 0.26315 0.09067
0.04010 0.24352 -0.35913
0.03592 -0.11822 -0.35919
-0.02234 -0.03786 0.13030
0.01724 -0.05039 -0.12633
-0.02234 -0.26963 -0.07173
-0.04049 0.23403 0.22509
-0.04049 0.23765 0.02466
-0.03644 -0.03451 0.12674
0.00470 -0.17369 0.38823
0.00411 -0.08708 0.38823
0.00088 -0.15892 0.38823
0.01456 -0.15540 0.38823
-0.03962 0.16702 -0.37133
-0.02259 -0.06501 -0.07658
-0.00031 -0.07029 0.00290
-0.04049 0.00486 -0.33542
0.04189 0.00174 0.01829
0.02743 -0.12514 -0.35919
0.01182 -0.10539 -0.35919
0.01637 -0.10372 -0.35919
0.00084 -0.18532 -0.35919
-0.02234 -0.08256 -0.13951
-0.01132 -0.00993 0.23631
0.00278 -0.01204 0.22282
-0.01375 -0.05023 0.38823
-0.00864 -0.09251 0.38823
0.04189 0.00207 0.25699
0.04189 0.00162 -0.10599
0.04189 -0.01696 -0.03606
-0.02234 -0.03175 -0.17700
-0.02234 -0.28496 -0.18191
0.04049 -0.26428 -0.17791
0.04049 -0.26486 -0.05251
0.04049 -0.26485 -0.10311
0.04189 0.00574 -0.09372
0.04189 -0.00042 0.23063
0.03358 0.27087 -0.34902
0.04049 -0.20472 0.08092
0.04049 -0.20033 -0.34062
0.04049 -0.20347 -0.33612
0.04049 -0.20154 -0.35370
0.04049 -0.20699 -0.03273
-0.00543 -0.01309 0.21607
0.04049 -0.05294 0.09939
-0.04049 0.26830 -0.13989
-0.04049 0.26046 0.34997
-0.04049 0.26851 0.28949
-0.04049 0.26860 -0.19362
-0.04049 0.26631 0.27713
-0.04049 0.26763 0.02925
-0.04189 -0.09924 -0.02246
-0.04049 0.28462 -0.02471
-0.02234 -0.21003 -0.17840
-0.02234 -0.21134 -0.16643
-0.02234 -0.20868 -0.30985
-0.02234 -0.21310 0.14979
-0.02775 -0.01382 0.21146
-0.02234 -0.26144 -0.20387
-0.02234 -0.25948 0.09669
-0.02234 -0.25987 -0.03538
0.04189 0.10996 -0.14492
0.04189 0.05005 -0.38954
0.04189 0.10445 -0.13680
0.04189 0.07811 -0.28857
0.04189 0.07433 -0.26581
0.04189 0.06400 -0.31663
0.04189 0.12504 -0.05106
0.04189 0.14547 0.06641
0.04189 0.10134 -0.17186
0.04189 0.08536 -0.26219
0.04189 0.05147 -0.31599
0.04189 0.07985 -0.17389
0.04189 0.03331 -0.38893
0.04189 0.06148 -0.29636
0.04189 0.08979 -0.17293
0.04189 0.11333 -0.06562
0.04189 0.07531 -0.21701
0.04189 0.05788 -0.33203
0.04189 0.08706 -0.18591
-0.01912 0.03640 0.39102
-0.01519 0.06033 0.39321
-0.03316 -0.09266 -0.00205
-0.04049 0.20040 -0.14928
-0.04049 0.20977 0.26116
-0.04049 0.19592 -0.28403
-0.04049 0.19936 -0.15403
-0.04049 0.19311 -0.35127
-0.04049 0.20336 -0.07163
-0.04049 0.20577 0.08671
-0.04049 0.19923 -0.34953
-0.04049 0.20470 -0.19848
0.00937 -0.00206 0.29564
-0.00788 -0.00218 0.29456
-0.04049 0.27937 0.26024
-0.04049 0.28382 0.21802
-0.04049 0.28338 0.04899
-0.01018 0.06779 -0.39159
-0.04049 0.24710 -0.04403
-0.04049 0.24839 -0.10351
-0.04049 0.24953 -0.14695
-0.04049 0.24617 -0.18973
-0.01386 -0.27622 0.35396
-0.02234 -0.19386 -0.35748
-0.02234 -0.07573 -0.35404
0.04189 -0.02106 0.14064
-0.00843 0.24540 -0.35919
-0.01732 -0.21529 -0.35748
-0.01359 -0.16040 -0.35919
-0.01653 -0.14751 -0.35919
-0.02234 -0.22043 0.28803
-0.02234 -0.21829 0.02187
-0.02234 -0.21954 0.18911
-0.02234 -0.22824 -0.17442
-0.02234 -0.22563 -0.08018
-0.02234 -0.22521 -0.05158
-0.02234 -0.22303 -0.27803
0.04049 -0.21064 0.27085
0.04049 -0.20945 -0.12944
0.04049 -0.21281 0.35389
0.02548 0.12318 -0.37961
0.01269 -0.00113 0.30396
-0.00023 -0.00038 0.31056
-0.04049 0.10828 -0.37744
-0.04049 0.11658 -0.36846
-0.04049 0.12729 -0.13939
-0.04049 0.12452 -0.33670
-0.04049 0.12939 -0.19689
-0.04049 0.12487 -0.17154
-0.04049 0.13348 -0.15269
-0.04049 0.12728 -0.24816
-0.04049 0.13234 -0.14109
0.04189 -0.06812 0.01853
0.03143 0.05284 -0.39514
0.04049 -0.02403 0.23134
-0.02234 -0.26410 -0.19876
-0.02234 -0.26431 0.12647
-0.02234 -0.04714 -0.02946
0.03525 -0.03656 0.12296
0.04189 0.28362 0.27519
0.04049 -0.25440 0.28435
0.04049 -0.24941 0.31137
0.04049 -0.25251 0.16840
0.04049 -0.25172 0.10702
0.02729 -0.01601 0.19904
0.03741 -0.01590 0.19964
-0.01371 -0.01211 -0.22292
-0.01779 -0.00956 -0.23597
0.04049 -0.25340 0.08846
0.04049 -0.25186 0.23114
0.04049 -0.25148 0.35432
-0.02626 0.00053 0.31917
0.00654 -0.02208 0.16622
0.03951 -0.02508 0.15133
0.04189 -0.01249 0.19257
-0.03859 -0.07036 0.00019
0.04189 0.24713 -0.04509
0.04189 0.24743 0.32621
-0.02234 -0.14841 -0.14639
0.02755 0.00235 -0.32148
0.02391 0.00268 -0.32541
0.03916 -0.05013 -0.12704
-0.01375 -0.02525 0.15047
0.04189 0.25514 0.27388
0.04189 0.05788 0.26599
0.04189 0.17616 0.39143
0.04189 0.06158 0.34154
0.04189 0.03303 -0.19455
0.04189 0.10789 0.28839
0.04189 0.15474 0.21608
0.04189 0.05540 0.12991
0.04189 0.01423 0.17105
0.04189 0.16491 0.26799
0.04189 0.09743 0.26273
0.04189 0.06362 0.37714
0.04189 0.14412 0.22012
0.04189 0.01133 0.06145
0.04189 0.02661 -0.17068
0.04189 0.14193 0.37886
0.04189 0.01335 0.25817
0.04189 0.00933 0.21104
0.04189 0.06612 0.36853
0.04189 0.18574 0.35574
0.04189 0.00785 0.15667
0.04189 0.02548 0.16533
0.04189 0.08620 0.22501
0.04189 0.03643 0.10956
0.04189 0.00791 -0.14926
0.04189 0.07579 0.24280
0.04189 0.09611 0.02146
0.04189 0.10511 0.39720
0.04189 0.18388 0.36268
0.04189 0.03058 -0.09556
0.04189 0.04012 0.08443
0.04189 0.08914 0.33795
0.04189 0.05542 0.23236
0.04189 0.03233 0.32015
0.04189 0.04955 0.18136
0.04189 0.10471 0.09025
0.04189 0.01790 0.36651
0.04189 0.02647 -0.30808
0.04189 0.18173 0.39245
0.04189 0.03668 0.35414
0.04189 0.01711 0.26537
0.04189 0.11714 0.04629
0.04189 0.10952 0.03885
0.04189 0.04371 -0.12135
0.04189 0.02764 -0.04200
0.04189 0.07444 0.37150
0.04189 0.02038 -0.33122
0.04189 0.07956 0.23777
0.04189 0.03754 0.30272
0.04189 0.03429 0.04580
0.04189 0.03146 0.16794
0.04189 0.07294 0.12788
0.04189 0.07813 0.33175
0.04189 0.10315 0.10051
0.04189 0.07619 0.31699
0.04189 0.05317 0.09659
0.04189 0.02267 0.33890
0.04189 0.06768 0.13222
0.04189 0.01118 0.24222
0.04189 0.11825 0.38196
0.04189 0.07343 0.05539
0.04189 0.10732 0.35988
0.04189 0.03493 0.21669
0.04189 0.01561 0.11820
0.04189 0.02189 0.03760
0.04189 0.19252 0.34836
0.04189 0.08201 -0.08119
0.04189 0.18997 0.33335
0.04189 0.14026 0.25028
0.04189 0.17444 0.27944
0.04189 0.04246 0.22406
0.04189 0.07691 0.27295
0.04189 0.15652 0.22136
0.04189 0.05144 0.00030
0.04189 0.13078 0.37575
0.04189 0.07251 0.14620
0.04189 0.05663 0.35766
0.04189 0.17739 0.40092
0.04189 0.12185 0.31642
0.04189 0.15770 0.24041
0.04189 0.04935 0.36136
0.04189 0.07221 0.17606
0.04189 0.05672 0.22176
0.04189 0.00729 -0.00339
0.04189 0.07616 0.04210
0.04189 0.01715 0.12824
0.04189 0.03012 -0.01620
0.04189 0.11017 0.13133
0.04189 0.16115 0.33244
0.04189 0.06063 0.29040
0.04189 0.11368 0.05621
0.04189 0.00646 -0.26759
0.04189 0.04166 -0.00764
0.04189 0.14861 0.37121
0.04189 0.09105 -0.02880
0.04189 0.08412 0.04744
0.04189 0.01629 -0.04602
0.04189 0.03096 0.19442
0.04189 0.07818 0.02287
0.04189 0.07769 0.16076
0.04189 0.09211 0.25173
0.04189 0.14981 0.19841
0.04189 0.07860 0.34261
0.04189 0.08903 0.11198
0.04049 -0.22305 -0.09433
0.04049 -0.22164 -0.19631
0.04049 -0.22568 -0.34067
0.04049 -0.22528 -0.20364
0.04049 -0.22291 -0.35389
-0.04049 0.00390 -0.11221
-0.02648 0.00593 -0.40046
-0.03612 0.00594 -0.40131
-0.02234 -0.27360 -0.17792
0.04049 -0.25998 0.11317
0.04049 -0.25882 -0.11203
0.04049 -0.26040 -0.00339
-0.00909 -0.06848 0.01977
0.01676 -0.06956 0.01080
-0.04049 -0.00838 -0.15054
-0.04049 -0.00876 -0.13793
0.04049 -0.09974 -0.06747
0.04049 -0.07011 0.02284
-0.03688 0.09424 0.39633
0.00163 0.16625 0.40293
-0.03251 0.06278 0.39344
-0.02564 0.04717 0.39201
-0.03329 0.11301 0.39805
-0.00796 0.14466 0.40095
-0.02561 0.08865 0.39581
-0.03330 0.15893 0.40226
0.03330 0.12555 -0.37913
0.04189 0.14338 -0.27464
0.04189 0.15749 -0.20835
0.04189 0.15282 -0.14495
0.04189 0.15696 -0.23361
0.04189 0.13851 -0.35184
0.04189 0.17374 0.02715
0.04189 0.15454 -0.18362
0.04189 0.16734 -0.07598
0.04189 0.16539 -0.05849
-0.02234 -0.21901 0.23581
-0.02234 -0.21456 -0.02894
-0.02234 -0.21451 0.04361
0.02275 -0.07351 -0.03125
-0.02869 0.15242 -0.37399
-0.04049 0.24286 -0.08591
-0.04049 0.24191 -0.06565
-0.00529 -0.27977 0.34910
-0.03677 0.23760 -0.36029
-0.02234 -0.26186 0.29017
-0.02234 -0.26138 0.03775
-0.02234 -0.06118 -0.09542
-0.01531 -0.00629 -0.25410
-0.01041 0.22185 0.40154
0.04189 -0.01012 0.15571
0.04189 -0.01130 0.16922
0.04189 0.27213 0.26221
0.04189 0.26988 -0.07440
-0.01223 -0.24554 -0.34622
0.03540 -0.00722 -0.24817
-0.00050 -0.06793 0.02426
0.04189 0.27408 -0.07114
0.04189 0.27302 0.14900
0.04189 0.27318 0.02392
-0.04049 0.24360 0.08341
-0.02234 -0.01809 0.22140
0.04189 0.00497 0.35213
-0.04049 0.25311 0.17687
-0.02214 0.00506 0.37461
-0.00491 0.00361 0.35343
0.00900 -0.17112 0.38823
0.00623 -0.09717 0.38823
-0.00688 -0.01689 0.38823
-0.02234 -0.05110 0.19287
-0.02234 -0.09737 0.01819
-0.03379 0.01945 -0.40350
-0.02234 -0.05506 -0.04807
0.02678 -0.04192 0.11255
0.04049 -0.23467 -0.22801
0.04049 -0.23364 -0.28332
0.04049 -0.23070 -0.16253
0.04049 -0.23025 -0.09473
-0.01236 -0.13303 0.38823
-0.00934 -0.18699 0.38823
-0.01658 0.00158 0.33081
0.00285 0.00179 0.33304
-0.01211 0.28736 -0.09239
-0.02971 0.28736 -0.27456
-0.00599 0.28736 -0.06313
-0.00578 0.28736 -0.19969
0.00985 0.28736 0.07819
0.03183 0.28736 -0.26653
0.03919 0.28736 0.04551
0.03739 0.28736 0.00466
-0.00180 0.28736 -0.09446
0.04095 0.28736 0.17341
0.02925 0.28736 -0.10791
0.03626 0.28736 0.14369
0.01936 0.28736 0.09860
0.02437 0.28736 0.19817
-0.00885 0.28736 -0.29889
0.02988 0.28736 0.12682
0.00387 0.28736 0.01515
0.02165 0.28736 0.15196
0.03790 0.28736 -0.07022
0.01219 0.28736 0.04323
0.04143 0.28736 -0.19124
0.01852 0.28736 -0.21762
0.02323 0.28736 -0.22848
0.02053 0.28736 -0.02768
0.02500 0.28736 -0.07424
-0.02190 0.28736 -0.21886
0.02574 0.28736 -0.13884
0.02117 0.28736 -0.18533
0.02935 0.28736 0.09062
0.00389 0.28736 -0.08395
0.03565 0.28736 -0.11281
0.00537 0.28736 -0.23985
0.02805 0.28736 0.06104
0.03528 0.28736 -0.16360
0.03342 0.28736 -0.10472
0.00034 -0.07052 -0.00583
0.04189 0.28719 -0.19601
-0.00887 -0.00008 0.31330
0.03945 -0.01935 -0.19065
0.00659 -0.01918 -0.19135
-0.03193 -0.01139 -0.22657
-0.00478 0.07845 -0.38917
-0.02234 -0.06968 0.07624
0.01742 0.00190 0.33433
0.02488 0.00282 0.34444
0.00823 0.03618 -0.39924
0.02658 -0.05225 0.08812
-0.02234 -0.21158 -0.01922
-0.02234 -0.20984 -0.04566
-0.02234 -0.21319 -0.24944
-0.02234 -0.21377 0.11403
-0.02693 -0.02911 0.13673
0.04049 -0.11381 -0.14826
0.04049 -0.17772 -0.30745
0.04049 -0.07641 -0.05788
0.04049 -0.10520 -0.12096
0.04049 -0.07533 -0.06876
0.04049 -0.13828 -0.22254
0.01989 0.09531 -0.38544
-0.03363 0.28736 -0.13730
-0.03574 0.28736 0.14065
-0.00041 0.28736 0.04642
-0.01866 0.28736 0.30629
-0.00400 0.28736 0.11064
-0.01824 0.28736 0.14521
-0.02472 0.28736 0.16588
-0.01781 0.28736 0.04673
-0.01293 0.28736 0.33820
0.00594 0.28736 0.19785
-0.02200 0.28736 0.14864
-0.01790 0.28736 0.11542
-0.00297 0.28736 0.03547
-0.03501 0.28736 0.01979
-0.01636 0.28736 0.10643
-0.03840 0.28736 -0.24413
-0.03521 0.28736 0.29986
-0.03204 0.28736 0.28961
-0.03176 0.28736 -0.00233
-0.03913 0.28736 -0.17800
-0.03134 0.28736 -0.14984
0.00329 0.28736 0.32840
-0.03693 0.28736 0.12704
-0.02110 0.28736 0.07277
-0.02671 0.28736 0.27694
-0.02612 0.28736 -0.16318
-0.01496 0.28736 0.27239
-0.03055 0.28736 0.01286
-0.03820 0.28736 -0.14531
-0.02720 0.28736 0.28449
-0.00746 0.28736 0.22839
-0.01085 0.28736 0.11260
-0.03520 0.28736 0.26218
-0.03310 0.28736 -0.21507
-0.04049 -0.06694 0.01327
-0.02234 -0.23166 -0.15397
-0.02234 -0.23483 0.27768
-0.02234 -0.23544 0.01325
-0.03505 -0.06428 -0.08053
-0.04049 0.00196 0.28144
-0.04049 0.00092 0.17918
0.04049 0.00129 0.33622
-0.01310 -0.06278 0.05208
0.04189 0.24049 0.07569
0.04189 0.23981 0.05236
-0.02014 0.08467 -0.38775
-0.01310 -0.15147 -0.35919
-0.01908 -0.15699 -0.35919
-0.00193 -0.03941 -0.15130
-0.02159 0.28667 0.35141
-0.01673 0.00357 -0.33601
-0.03405 -0.00072 0.30758
0.04049 -0.26560 0.17616
0.04049 -0.26639 0.20798
0.04049 -0.26697 -0.12044
0.03935 0.03768 -0.39886
-0.04049 -0.05435 -0.03120
-0.04049 -0.04854 -0.12859
-0.02948 0.03010 -0.40076
0.02339 0.24342 -0.35949
0.03868 -0.25268 0.37517
0.00261 -0.00106 -0.28986
0.00233 0.19274 -0.36701
0.00586 -0.04161 0.11328
0.00175 -0.00012 0.38823
0.04049 -0.24540 -0.15588
0.04049 -0.25054 -0.32746
0.04049 -0.24801 -0.30764
0.04049 -0.24708 -0.30073
0.04049 -0.27047 -0.11173
0.04049 -0.27029 -0.26633
0.04049 -0.26998 -0.06615
-0.02234 -0.14297 -0.35107
-0.02234 -0.16759 -0.35875
0.04189 -0.00742 -0.04967
0.00634 0.27155 0.37842
-0.00973 -0.06419 0.04561
-0.02700 -0.06818 -0.05706
0.01543 0.14722 0.40119
0.02831 0.19955 0.40599
-0.03705 0.07125 0.39422
0.00971 0.13165 0.39976
-0.01028 0.10164 0.39700
-0.04030 0.04949 0.39222
-0.00819 0.17755 0.40397
0.00206 0.12636 0.39927
-0.04049 0.12073 0.07038
-0.04049 0.06794 -0.37431
-0.04049 0.14737 0.27545
-0.04049 0.11421 0.00480
-0.04049 0.08891 -0.17972
-0.04049 0.05146 -0.37096
-0.04049 0.06004 -0.33978
-0.04049 0.11446 0.02897
-0.04049 0.09741 -0.07656
-0.04049 0.13084 0.14483
-0.04049 0.09683 -0.08595
-0.01181 0.22668 -0.36180
-0.04049 0.28334 -0.24277
-0.00078 -0.07075 -0.01453
0.04049 -0.28134 -0.19671
0.04049 -0.28291 0.16707
-0.00069 -0.01320 -0.21731
0.01683 0.20283 -0.36540
-0.02234 -0.04678 -0.19988
-0.04049 -0.01307 0.10654
-0.04049 -0.01226 0.21979
-0.02234 -0.24399 -0.17592
-0.02234 -0.24409 -0.06533
-0.02234 -0.24502 0.15511
-0.04049 0.23744 -0.01374
-0.04049 0.23096 0.32208
0.02501 -0.01779 0.18907
0.02608 -0.01872 0.18387
0.04189 0.02591 -0.35212
0.04189 0.07473 -0.18757
0.04189 0.10095 -0.06929
0.04189 0.10345 -0.05562
0.04189 0.07234 -0.17008
0.04189 0.14614 0.14271
0.04189 0.03617 -0.35489
0.04189 0.14547 0.13409
0.04189 0.05780 -0.20380
0.04189 0.10453 -0.03482
-0.04049 -0.04904 -0.01686
-0.04049 -0.04357 0.07394
0.04189 0.22397 0.06346
0.04189 0.22287 0.22405
-0.04049 0.00259 -0.25464
0.03160 0.28361 -0.33221
0.02721 0.18700 -0.36792
-0.04049 0.24284 -0.04808
-0.04049 0.24107 0.38204
0.01749 -0.07073 -0.01375
0.00980 -0.07068 -0.01171
-0.04049 0.00460 0.24730
-0.04049 0.22827 0.27706
-0.04049 0.22820 0.16793
0.04189 0.27960 -0.03400
0.04189 0.28631 -0.30028
-0.02234 -0.03297 -0.25084
0.04049 -0.27982 0.02804
0.04049 -0.27956 0.30982
-0.04049 0.21674 0.14645
-0.04049 0.21379 0.35777
-0.04049 0.22440 0.18358
-0.04049 0.26958 0.13442
-0.04049 0.27020 -0.27000
-0.04049 0.26974 0.22401
-0.04049 0.27400 0.35349
-0.04049 0.27431 0.33402
0.03618 -0.03905 -0.15206
-0.04049 0.24059 -0.19039
-0.04049 0.23510 0.34268
-0.04049 0.14917 -0.01790
-0.04049 0.14062 -0.37312
-0.04049 0.15592 0.18458
-0.04049 0.14899 -0.21207
-0.04049 0.14497 -0.13086
-0.04049 0.15948 0.27331
-0.04049 0.14399 -0.36327
-0.04049 0.14798 -0.18234
-0.04049 0.13998 -0.31611
-0.04049 0.13313 -0.31792
0.04049 -0.02318 -0.35333
0.04049 -0.01956 -0.26739
0.04049 -0.02260 -0.29920
0.04049 -0.06797 -0.16502
0.04049 -0.03357 -0.21184
0.04049 -0.06210 -0.13445
0.04049 -0.04192 -0.35817
0.04049 -0.16876 -0.32271
0.04049 -0.04024 -0.30430
0.04049 -0.06405 -0.14063
0.04049 -0.06285 -0.10541
0.04049 -0.11765 -0.26314
0.04049 -0.06697 -0.14731
0.04049 -0.08532 -0.32249
0.04049 -0.10019 -0.31370
0.04049 -0.02826 -0.26359
0.04049 -0.12651 -0.31313
0.04049 -0.15510 -0.33162
0.04049 -0.04957 -0.16299
0.04049 -0.16662 -0.29827
0.04049 -0.04971 -0.19126
0.04049 -0.04341 -0.23980
0.04049 -0.09999 -0.19036
0.04049 -0.03652 -0.22385
0.04049 -0.03799 -0.25435
0.04049 -0.11313 -0.19190
0.04049 -0.12028 -0.24006
0.04049 -0.07119 -0.31154
0.04049 -0.16134 -0.33553
0.04049 -0.06113 -0.17965
0.04049 -0.07432 -0.20019
0.04049 -0.08667 -0.25496
0.04049 -0.11920 -0.35451
0.04049 -0.04119 -0.28221
0.01555 -0.14411 -0.35919
0.01609 -0.17094 -0.35919
0.00301 -0.17217 -0.35919
0.01833 -0.08981 -0.35919
0.02807 -0.13955 -0.35919
0.04189 0.22466 0.21865
-0.04049 0.00014 -0.24061
-0.04049 0.00077 -0.00054
-0.03828 0.00007 -0.29925
-0.00577 -0.03910 0.11827
-0.04049 0.27644 0.05195
-0.04049 0.27275 -0.26504
-0.04049 0.27937 0.17152
-0.04049 0.27287 -0.18789
-0.04049 0.27234 -0.24684
-0.04049 0.27627 -0.31915
0.03267 -0.05596 -0.11099
0.04189 -0.00043 -0.06922
-0.03050 -0.03135 0.13258
-0.02234 -0.10309 0.04072
-0.02234 -0.01886 0.26207
0.04189 0.24119 0.32147
0.04189 0.24239 -0.21485
0.02840 0.12692 -0.37885
0.02409 -0.03204 -0.16542
-0.02234 -0.24799 0.19508
-0.02234 -0.24670 -0.27599
-0.02234 -0.24731 0.05875
0.04049 -0.00439 0.28561
0.04049 -0.26933 0.29871
-0.04049 0.23740 0.17301
0.02130 -0.07028 -0.04152
0.04049 -0.21090 -0.09022
0.04049 -0.21422 -0.15131
0.04049 -0.21221 0.09401
0.04049 -0.21500 0.16696
0.04049 -0.21090 -0.11202
0.01555 -0.06739 -0.06194
0.04189 0.24581 -0.27890
0.04189 0.24491 0.05003
0.04189 0.24434 -0.22858
0.04049 -0.28485 -0.17047
0.04049 -0.28473 0.01781
-0.04049 0.19814 -0.23990
-0.04049 0.21045 0.36266
-0.04049 0.20670 -0.21847
-0.04049 0.19725 -0.20676
-0.04049 0.20876 0.18987
-0.04049 0.19913 -0.11685
-0.04049 0.19117 -0.31575
-0.04049 0.20635 -0.32657
-0.04049 0.20436 -0.36133
-0.04049 0.20243 -0.18921
-0.04189 -0.09120 -0.04468
-0.01114 -0.06933 -0.04776
0.04189 0.23399 -0.24729
0.04189 0.22928 -0.03897
0.04189 0.22842 -0.31049
0.04189 0.23292 0.13479
0.04189 0.24108 -0.35065
0.04189 0.23519 -0.27187
0.04189 0.23973 -0.24418
-0.04049 0.10049 -0.24964
-0.04049 0.11419 -0.26641
-0.04049 0.15313 0.25676
-0.04049 0.09726 -0.29653
-0.04049 0.09457 -0.31862
-0.04049 0.14601 0.19528
-0.04049 0.13638 0.08668
-0.04049 0.11366 -0.25268
-0.04049 0.13571 0.06957
-0.04049 0.23994 0.25919
0.04189 0.25011 0.33919
0.04189 0.25003 0.19686
-0.03399 0.16556 -0.37160
-0.02234 -0.02040 0.21218
0.04189 0.25874 0.07450
0.04189 0.25937 -0.12591
0.04189 0.26074 0.14270
-0.02234 -0.27906 -0.07529
-0.02234 -0.27814 0.19164
-0.02234 -0.27439 0.35553
0.04189 0.19420 -0.03412
0.04189 0.19681 0.05831
0.04189 0.18057 -0.17422
0.04189 0.17442 -0.24030
0.04189 0.18424 -0.25464
0.04189 0.19090 0.02335
0.04189 0.19745 0.10008
0.04189 0.18531 -0.24230
0.04189 0.19720 0.14813
0.04189 0.18593 -0.21200
-0.02234 -0.13326 -0.09354
-0.03860 -0.10935 -0.03997
0.04189 0.11510 -0.14288
0.04189 0.10164 -0.26279
0.04189 0.09750 -0.29107
0.04189 0.14092 0.01268
0.04189 0.09267 -0.26489
0.04189 0.10261 -0.25198
0.04189 0.08506 -0.31976
0.04189 0.11501 -0.12851
0.04189 0.24116 -0.03965
0.04189 0.24001 -0.02429
0.01213 0.19639 -0.36642
-0.02714 0.24193 -0.35970
0.04189 0.20470 -0.28437
0.04189 0.19351 -0.27831
0.04189 0.19503 -0.16375
0.04189 0.19909 -0.33376
0.04189 0.20927 0.33097
0.04189 0.20872 0.18076
0.04189 0.20449 -0.11034
0.04189 0.19701 -0.10545
0.04189 0.20906 0.06707
0.04189 0.20476 0.08628
-0.04049 0.28634 0.15720
0.03085 -0.00875 0.24382
-0.02234 -0.28121 -0.02127
-0.02234 -0.28179 0.05063
0.03530 -0.06921 -0.04957
-0.03027 0.00527 -0.36681
-0.02234 -0.28698 0.14682
-0.02234 -0.28727 0.09178
0.02915 0.09748 -0.38497
0.03051 -0.22765 -0.35430
-0.01491 -0.21947 0.38721
0.04049 -0.26229 -0.08388
0.04049 -0.26410 -0.01414
0.04049 -0.26539 -0.22600
-0.02234 -0.07926 0.03750
0.02670 0.25925 0.38625
0.04189 -0.05325 -0.10551
-0.04049 0.07568 -0.27474
-0.04049 0.07054 -0.24517
-0.04049 0.06279 -0.37492
-0.04049 0.05773 -0.37148
-0.04049 0.09027 -0.14128
-0.04049 0.12124 0.07965
-0.04049 0.05504 -0.36483
-0.04049 0.08118 -0.25995
-0.04049 0.07520 -0.26921
-0.04049 0.14739 -0.19444
-0.04049 0.15662 0.22978
-0.04049 0.14728 -0.13564
-0.04049 0.15279 0.11203
-0.04049 0.15792 0.20776
-0.04049 0.14967 -0.11075
-0.04049 0.14373 -0.04986
-0.04049 0.14402 -0.28086
-0.04049 0.14542 -0.07537
-0.00626 -0.00032 -0.29600
-0.00981 0.28732 -0.31499
0.01120 -0.02354 0.38823
0.02585 -0.05874 0.38823
0.00929 -0.08727 0.38823
0.01782 -0.03525 0.38823
-0.04049 0.09631 -0.33811
-0.04049 0.09457 -0.35790
-0.04049 0.12095 -0.15961
-0.04049 0.12064 -0.15207
-0.04049 0.13111 0.04010
-0.04049 0.10687 -0.30275
-0.04049 0.12281 -0.09997
-0.04049 0.10993 -0.21326
-0.04049 0.11089 -0.22535
-0.04049 0.13640 0.07433
-0.04049 0.10793 -0.23285
0.02990 -0.06826 -0.05656
0.00433 -0.00638 0.26112
-0.00268 -0.00841 0.24607
-0.02234 -0.20288 -0.07995
-0.02234 -0.18493 -0.16987
-0.02234 -0.12589 -0.03083
-0.02234 -0.19680 0.10456
-0.02234 -0.18445 -0.18820
-0.02234 -0.14886 -0.00942
-0.02234 -0.15970 -0.03097
-0.02234 -0.15690 0.06340
-0.02234 -0.20055 0.02538
-0.02234 -0.20208 0.26943
-0.02234 -0.20310 -0.24766
-0.02234 -0.19814 0.21276
-0.02234 -0.15109 0.06474
-0.02234 -0.19710 0.15047
-0.02234 -0.20490 -0.17644
-0.02234 -0.20527 -0.03784
-0.02234 -0.18675 0.09715
-0.02234 -0.16341 0.08491
-0.02234 -0.18807 -0.08666
-0.02234 -0.14044 0.04591
-0.02234 -0.20139 -0.27438
-0.02234 -0.18109 0.00857
-0.02234 -0.16949 -0.18386
-0.02234 -0.17475 -0.22247
-0.02234 -0.19948 -0.25131
-0.02234 -0.19285 -0.17342
-0.02234 -0.20217 0.05627
-0.02234 -0.15245 -0.09356
-0.02234 -0.19792 -0.04484
-0.02234 -0.16980 -0.06506
-0.02234 -0.18811 -0.24534
-0.02234 -0.15576 -0.00563
-0.02234 -0.16146 0.02112
-0.02234 -0.16930 -0.16685
-0.02234 -0.13149 0.00252
-0.02234 -0.18666 0.11051
-0.02234 -0.14973 0.01369
-0.02234 -0.14410 -0.01787
-0.02271 -0.06765 -0.06030
0.04189 0.28551 -0.26565
-0.02541 -0.01156 -0.22570
-0.02234 -0.16233 0.35602
-0.02234 -0.05116 0.28213
-0.02234 -0.11669 0.30429
-0.02234 -0.09395 0.08609
-0.02234 -0.15974 0.21282
-0.02234 -0.14663 0.10562
-0.02234 -0.09456 0.23831
-0.02234 -0.07654 0.24033
-0.02234 -0.05424 0.26352
-0.02234 -0.10190 0.23541
-0.02234 -0.10531 0.04530
-0.02234 -0.15020 0.27442
-0.02234 -0.13115 0.22637
-0.02234 -0.11349 0.31368
-0.02234 -0.05655 0.28252
-0.02234 -0.10765 0.05503
-0.02234 -0.17328 0.28663
-0.02234 -0.10224 0.31645
-0.02234 -0.06136 0.28640
-0.02234 -0.08049 0.16250
-0.02234 -0.15203 0.19862
-0.02234 -0.13666 0.24492
-0.02234 -0.18406 0.32566
-0.02234 -0.06175 0.32737
-0.02234 -0.17133 0.27441
-0.02234 -0.17027 0.20297
-0.02234 -0.10595 0.36931
-0.02234 -0.19105 0.33598
-0.02234 -0.11100 0.09134
-0.02234 -0.15320 0.23443
-0.02234 -0.13537 0.23789
-0.02234 -0.15539 0.29166
-0.02234 -0.12716 0.18008
-0.02234 -0.09474 0.19127
-0.02234 -0.13529 0.31671
-0.02234 -0.14736 0.20117
-0.02234 -0.19669 0.33629
-0.02234 -0.15775 0.24863
-0.02234 -0.04856 0.32800
-0.02234 -0.15148 0.18896
-0.02234 -0.04936 0.35288
-0.02234 -0.12547 0.11817
-0.02234 -0.10550 0.15153
-0.02234 -0.17872 0.30054
-0.02234 -0.12396 0.12911
-0.02234 -0.09541 0.12096
-0.02234 -0.15291 0.22751
-0.02234 -0.15754 0.18660
-0.02234 -0.07062 0.18838
-0.02234 -0.13078 0.04778
0.02252 0.24955 -0.35858
0.04049 -0.27181 0.26053
0.04049 -0.27183 -0.08302
0.03754 -0.13640 0.38823
0.03503 -0.08174 0.38823
0.04189 0.26609 -0.00909
0.04189 0.26472 -0.17158
0.04189 0.26732 0.19277
-0.02234 -0.27444 -0.24417
-0.02234 -0.27881 -0.30073
-0.02234 -0.27454 0.26522
-0.04049 -0.00684 0.10544
0.04189 0.27689 0.18973
0.04189 0.27519 0.12083
0.04189 0.27543 0.29083
-0.02234 -0.26704 0.13368
-0.02234 -0.26679 0.06288
-0.02457 -0.02202 0.16652
0.04049 -0.23976 0.26321
0.04049 -0.23781 -0.15091
0.04049 -0.24138 -0.10805
0.04049 -0.24165 -0.29722
-0.04049 -0.05103 -0.07231
-0.02804 -0.02030 0.17508
-0.04049 -0.05832 0.00567
0.04049 -0.24228 0.23982
0.04049 -0.24457 0.15532
0.04049 -0.24173 0.19107
-0.02234 -0.26841 -0.16188
-0.04049 -0.01570 0.09525
-0.04049 -0.01816 0.18665
0.04189 -0.03746 0.11508
0.04189 -0.03412 0.08763
0.04189 0.14365 -0.14367
0.04189 0.13783 -0.17935
0.04189 0.13655 -0.27262
0.04189 0.15781 -0.03367
0.04189 0.14925 -0.07555
0.04189 0.17426 0.07492
0.04189 0.14908 -0.10501
0.04189 0.18867 0.22829
0.04189 0.13883 -0.23146
0.04189 0.12722 -0.29484
0.04189 0.15306 -0.10828
0.04189 0.26554 -0.09684
0.04189 0.26423 0.06572
0.04189 0.26272 0.35229
0.04189 0.25537 0.08825
0.04189 0.25872 -0.25831
0.04189 0.25604 -0.10158
0.04049 -0.02281 -0.20205
-0.02234 -0.10932 -0.00292
0.04189 -0.01397 0.01384
0.04189 0.28610 -0.02457
0.04189 -0.05846 -0.06942
0.01238 0.28629 0.35300
-0.02234 -0.26370 0.24516
-0.02234 -0.26647 -0.04605
-0.02234 -0.23781 -0.26813
-0.02234 -0.23947 -0.13871
-0.02234 -0.24127 -0.25222
0.00511 -0.26190 -0.33414
-0.02234 -0.25460 0.10440
-0.02234 -0.25668 0.14735
-0.04049 0.27733 0.06373
-0.04049 0.27547 -0.04788
-0.04049 0.27884 -0.09990
-0.04049 0.27788 0.29082
-0.04049 0.27723 -0.32961
-0.04049 0.28050 -0.29242
0.04049 -0.21343 -0.17252
0.04049 -0.21389 0.05755
0.04049 -0.21347 -0.13345
0.04049 -0.21584 -0.20724
0.01160 -0.26613 -0.33004
0.04189 0.28309 0.30476
0.01970 -0.00456 0.27469
0.00329 -0.00461 0.27432
0.01331 -0.22621 0.38597
0.04049 -0.23006 0.24019
0.04049 -0.22782 0.28190
0.04049 -0.22809 0.35393
0.04049 -0.23115 0.30052
0.01142 0.21759 0.40362
0.02109 0.08484 0.39546
0.03735 0.11131 0.39789
0.00188 0.05948 0.39314
0.02086 0.13552 0.40011
0.01418 0.08806 0.39576
0.01483 0.06632 0.39376
0.02350 0.00620 0.38825
-0.00987 0.25385 -0.35773
-0.02234 -0.01654 0.32991
0.04189 0.23736 0.30913
0.04189 0.23548 0.23433
0.04189 0.07083 -0.23783
0.04189 0.04789 -0.37827
0.04189 0.15555 0.14810
0.04189 0.04148 -0.36135
0.04189 0.07342 -0.25380
0.04189 0.08319 -0.16024
0.04189 0.10835 -0.04281
-0.00830 0.00421 0.36209
0.00624 0.00479 0.37062
0.04049 -0.21995 -0.22237
0.04049 -0.22080 -0.10097
0.04049 -0.22149 0.01627
0.04189 0.27751 -0.12250
0.04189 0.27806 -0.12844
-0.03596 -0.06986 -0.03978
0.03084 0.08715 -0.38720
0.04049 -0.23686 0.11042
0.04049 -0.23628 0.03026
0.04049 -0.23730 0.20413
-0.02234 -0.10144 -0.00856
0.04189 -0.01189 -0.09792
0.04189 -0.00834 0.09978
-0.02234 -0.03176 0.20541
0.04189 -0.04404 0.05777
-0.02234 -0.19929 -0.35856
0.04049 -0.24692 -0.08120
0.04049 -0.25010 -0.05878
0.04049 -0.24832 0.09695
0.04049 -0.25067 -0.07312
0.04189 0.11962 -0.32131
0.04189 0.13925 -0.14144
0.04189 0.12302 -0.33928
0.04189 0.17824 0.10963
0.04189 0.20548 0.35746
0.04189 0.16390 0.02090
0.04189 0.13115 -0.27579
0.04189 0.13573 -0.19487
0.04189 0.16755 0.07911
0.04189 0.16272 -0.01552
-0.04049 -0.02525 -0.08603
-0.04049 -0.03087 -0.05513
-0.04049 -0.02880 -0.10783
-0.02234 -0.22681 0.20402
-0.02234 -0.22575 0.00184
-0.02234 -0.22666 0.15324
-0.04049 -0.02374 -0.06106
-0.04049 -0.03382 -0.13356
-0.04049 0.26725 -0.22768
-0.04049 0.26810 -0.30137
-0.04049 0.26068 -0.22529
-0.04049 0.26294 -0.29304
-0.04049 0.26169 -0.12824
-0.04049 0.26142 -0.28518
-0.04049 0.25926 -0.14636
-0.04049 0.26437 -0.10321
-0.04049 0.26125 0.31788
-0.04049 0.26326 0.25698
-0.04049 0.26440 -0.06490
-0.04049 0.26040 0.16450
-0.04049 0.26155 0.07825
-0.04049 0.26493 -0.08744
-0.02335 -0.07016 0.00589
-0.03780 -0.10795 -0.02067
-0.04049 0.19661 0.06253
-0.04049 0.18410 -0.35126
-0.04049 0.20738 0.32633
-0.04049 0.18974 -0.11534
-0.04049 0.19664 0.10839
-0.04049 0.19259 -0.05116
-0.04049 0.20315 0.26767
-0.04049 0.17906 -0.18135
-0.04049 0.17633 -0.30333
-0.04049 0.18327 -0.10932
0.03363 0.22585 -0.36193
0.01200 0.22673 -0.36180
0.02741 -0.02992 0.13524
0.04049 -0.05225 0.08830
-0.02234 -0.08454 0.10006
-0.02234 -0.06294 0.17911
-0.02234 -0.28192 0.12672
-0.02234 -0.27941 -0.22093
-0.02234 -0.07526 -0.08996
0.04189 0.22668 -0.12223
0.04189 0.22236 0.38456
-0.04049 0.22021 -0.00843
-0.04049 0.21510 0.27869
-0.02234 -0.08658 -0.14253
-0.04049 0.08690 -0.32757
-0.04049 0.11202 -0.10351
-0.04049 0.09811 -0.25439
-0.04049 0.13410 0.10161
-0.04049 0.11482 -0.04211
-0.04049 0.08269 -0.31145
-0.04049 0.13057 0.08262
-0.04049 0.09743 -0.24339
-0.04049 0.11724 0.02229
-0.04049 0.08743 -0.27726
0.04049 -0.28572 -0.14172
0.04049 -0.28655 -0.17774
0.00405 0.00318 -0.33139
0.04189 0.12016 0.01895
0.04189 0.08200 -0.11984
0.04189 0.01670 -0.39897
0.04189 0.12486 0.03966
0.04189 0.10911 0.00117
0.04189 0.13700 0.09958
0.04189 0.08507 -0.10415
0.04189 0.06087 -0.22512
0.04189 0.15759 0.18115
0.00573 -0.00925 0.24064
0.00076 -0.00920 0.24092
-0.00822 -0.06512 -0.07592
0.04189 0.14567 0.32714
0.04189 0.15723 0.38988
0.04189 0.05877 0.04581
0.04189 0.06262 0.21742
0.04189 0.11535 0.12175
0.04189 0.09033 0.21203
0.04189 0.10070 0.35998
0.04189 0.11450 0.36232
0.04189 0.03381 0.31204
0.04189 0.04289 0.09132
0.04189 0.04044 -0.24281
0.04189 0.03132 0.09184
0.04189 0.03911 0.05550
0.04189 0.07215 -0.09788
0.04189 0.03114 0.00466
0.04189 0.03176 -0.29592
0.04189 0.02913 0.14644
0.04189 0.11442 0.23217
0.04189 0.16495 0.27889
0.04189 0.02553 -0.24726
0.04189 0.03058 0.15408
0.04189 0.08072 -0.01432
0.04189 0.09113 0.35074
0.04189 0.08956 0.00735
0.04189 0.08751 -0.04602
0.04189 0.03527 -0.13729
0.04189 0.01533 -0.33573
0.04189 0.02778 0.20893
0.04189 0.04187 -0.26063
0.04189 0.07248 -0.06751
0.04189 0.10243 0.00106
0.04189 0.06441 0.25367
0.04189 0.00917 0.08180
0.04189 0.01945 -0.08818
0.04189 0.08712 0.13190
0.04189 0.00730 -0.19179
0.04189 0.04544 0.10258
0.04189 0.03252 0.38219
0.04189 0.08882 0.12172
0.04189 0.05585 0.16694
0.04189 0.03305 0.18017
0.04189 0.03426 0.13141
0.04189 0.12035 0.36689
0.04189 0.04693 0.27655
0.04189 0.06438 0.20502
0.04189 0.09538 0.28793
0.04189 0.10496 -0.01247
0.04189 0.02385 -0.01648
0.04189 0.11217 0.09212
0.04189 0.04622 0.25746
0.04189 0.12207 0.15441
0.04189 0.00835 -0.21303
0.04189 0.06518 0.03088
0.04189 0.15835 0.27956
0.04189 0.07322 -0.11931
0.04189 0.08454 0.10775
0.04189 0.06660 -0.12939
0.04189 0.02243 0.35549
0.04189 0.03054 -0.15770
0.04189 0.02481 0.10601
0.04189 0.07690 0.06067
0.04189 0.04962 0.36612
0.04189 0.02851 0.37870
0.04189 0.05958 0.11338
0.04189 0.17993 0.29322
0.04189 0.02050 -0.13493
0.04189 0.14865 0.21279
0.04189 0.07018 0.21732
0.04189 0.08125 0.24410
0.04189 0.04423 -0.10766
0.04189 0.04293 0.12089
0.04189 0.00864 -0.31251
0.04189 0.12876 0.14047
0.04189 0.17284 0.32835
0.04189 0.08182 0.31675
0.04189 0.01681 0.21640
0.04189 0.13462 0.17073
0.04189 0.03960 -0.06833
0.04189 0.08649 0.01093
0.04189 0.02516 -0.17787
0.04189 0.08275 0.35106
0.04189 0.04836 -0.08857
0.04189 0.07802 -0.10365
0.04189 0.14151 0.26280
0.04189 0.08826 0.28253
0.04189 0.04980 -0.00655
0.04189 0.06296 -0.15211
0.04189 0.05416 0.15696
0.04189 0.06876 0.24627
0.04189 0.12550 0.38146
0.04189 0.02242 -0.12755
0.02265 -0.28545 0.33909
0.04189 0.26289 -0.13667
0.04189 0.26379 -0.15265
-0.04049 0.26188 -0.20580
-0.04049 0.25644 0.28232
-0.04049 0.25567 -0.31194
-0.04049 0.26279 -0.18470
-0.04049 0.26236 -0.08070
-0.04049 0.26558 -0.19780
-0.04049 0.25584 0.09612
-0.04049 0.25622 0.08931
0.02104 -0.28124 0.34670
-0.04049 0.17469 -0.27945
-0.04049 0.18688 -0.24901
-0.04049 0.18663 -0.29204
-0.04049 0.19677 0.01615
-0.04049 0.18240 -0.20706
-0.04049 0.18106 -0.26660
-0.04049 0.19073 -0.24337
-0.04049 0.18225 -0.22165
-0.04049 0.18787 -0.27764
-0.04049 0.19295 -0.00886
-0.04049 0.18289 -0.12543
-0.02213 0.18454 -0.36834
-0.02064 -0.21018 0.38807
-0.04049 -0.01694 0.06124
-0.02720 -0.06191 0.05607
0.04189 -0.06909 -0.02401
0.03822 -0.28736 -0.01588
0.01875 -0.28736 -0.02791
0.02282 -0.28736 -0.12856
0.03326 -0.28736 -0.09695
0.01705 -0.28736 0.04689
0.03997 -0.28736 -0.02374
0.00120 -0.28736 -0.17672
0.03141 -0.28736 -0.12997
-0.00120 -0.28736 -0.28818
0.01180 -0.28736 -0.05493
0.00505 -0.28736 -0.03119
0.03530 -0.28736 -0.25911
0.02707 -0.28736 -0.24078
0.03237 -0.28736 0.03482
0.00972 -0.28736 -0.17018
0.01513 -0.28736 -0.00958
-0.00066 -0.28736 -0.11818
0.00988 -0.28736 -0.02246
0.04010 -0.28736 -0.03710
0.03342 -0.28736 0.08711
0.03291 -0.28736 0.05346
-0.00649 -0.28736 -0.25311
0.01655 -0.28736 -0.14955
0.02735 0.00495 -0.35995
-0.02234 -0.15441 0.34233
-0.02234 -0.08735 0.37001
-0.02234 -0.11216 0.11864
-0.02234 -0.14128 0.22238
-0.02234 -0.08388 0.28598
-0.02234 -0.10929 0.23125
-0.02234 -0.18157 0.31365
-0.02234 -0.04795 0.31169
-0.02234 -0.08818 0.19368
-0.02234 -0.15997 0.17917
-0.02234 -0.14994 0.26528
-0.02234 -0.13230 0.02271
-0.02234 -0.10349 0.19490
-0.02234 -0.14175 0.32797
-0.02234 -0.17653 0.24477
-0.02234 -0.04279 0.28475
-0.02234 -0.12093 0.16035
-0.02234 -0.14752 0.24491
-0.02234 -0.12871 0.05542
-0.02234 -0.15905 0.36476
-0.02234 -0.08591 0.15085
-0.02234 -0.12552 0.14862
-0.02234 -0.10810 0.28294
-0.02234 -0.03822 0.30571
-0.02234 -0.11360 0.34699
-0.02234 -0.14586 0.12189
-0.02234 -0.15370 0.31320
-0.02234 -0.09091 0.29477
-0.02234 -0.07571 0.30801
-0.02234 -0.13533 0.05885
-0.02234 -0.03715 0.33476
-0.02234 -0.09363 0.20242
-0.02234 -0.09238 0.33879
-0.02234 -0.18831 0.31008
-0.02234 -0.12420 0.02549
-0.02234 -0.15010 0.11155
-0.02234 -0.11056 0.14806
-0.02234 -0.09852 0.34860
-0.02234 -0.16456 0.26557
-0.02234 -0.08112 0.30325
-0.02234 -0.08447 0.26368
-0.02234 -0.15243 0.29999
-0.02234 -0.14575 0.15544
-0.01957 0.24818 0.39044
0.01856 -0.04502 -0.13946
-0.02234 -0.21608 0.01597
-0.02234 -0.22048 0.35542
-0.02234 -0.21796 0.17160
-0.02234 -0.21727 0.36845
0.01781 -0.06900 0.01548
0.04049 -0.20340 -0.24104
0.04049 -0.20684 -0.20158
0.04049 -0.20567 -0.31003
0.04049 -0.20395 0.09557
0.02562 -0.06343 -0.08381
-0.02234 -0.25526 0.35657
-0.00459 0.05230 -0.39527
-0.02234 -0.04455 0.21297
-0.02234 -0.06705 0.11420
-0.02234 -0.27379 0.02515
-0.02234 -0.27529 -0.14160
0.04049 -0.17785 -0.29230
0.04049 -0.02710 0.25302
0.04049 -0.12532 -0.12823
0.04049 -0.03077 0.21575
0.04049 -0.11230 -0.07454
0.04049 -0.15479 -0.22108
0.04049 -0.07504 0.05677
0.04049 -0.16426 -0.24350
0.04049 -0.05909 0.10818
0.04049 -0.13285 -0.15771
-0.02234 -0.00433 -0.35557
-0.01753 -0.27045 -0.32516
0.04189 0.25903 -0.22996
0.04189 0.25495 -0.35336
-0.02234 -0.04379 0.16609
0.04189 0.27705 -0.18841
0.04189 0.27795 -0.10514
-0.02234 -0.21201 0.29705
-0.02234 -0.20880 -0.08211
-0.02234 -0.20774 -0.11933
-0.02523 0.03218 -0.40024
0.04189 0.21496 -0.22579
0.04189 0.21969 -0.13829
0.04189 0.22716 -0.34805
0.04189 0.21376 0.03250
0.04189 0.22270 -0.14814
0.04189 0.21680 0.06616
0.04189 0.22155 -0.25288
0.04189 0.21055 -0.21460
0.04189 0.21690 0.00046
0.04189 0.21253 -0.04553
0.01315 -0.05205 0.38823
0.02093 -0.09113 0.38823
0.02235 -0.17145 0.38823
0.01265 -0.11929 0.38823
0.04049 -0.23133 0.21052
0.04049 -0.23001 -0.17146
0.04049 -0.23301 -0.00061
0.04049 -0.23036 -0.08603
-0.00658 -0.02857 -0.17127
0.04189 0.23578 0.04170
-0.03271 -0.02339 -0.17998
-0.04049 -0.00386 0.14164
-0.04049 -0.00292 -0.14466
-0.00654 0.01821 -0.40383
-0.02250 -0.01084 0.23050
-0.00841 -0.04044 -0.14912
-0.02234 -0.00482 -0.29759
-0.01365 -0.02616 0.38823
-0.02234 -0.28258 0.10303
-0.02234 -0.28303 0.06893
0.00827 -0.06330 -0.08429
0.03826 -0.06415 -0.08106
-0.04049 0.22284 -0.25438
-0.04049 0.21722 -0.06164
-0.04049 0.21105 -0.33910
-0.04049 0.20983 -0.28814
-0.04049 0.22279 -0.26379
-0.04049 0.21485 0.12016
-0.04049 0.21702 -0.03509
-0.04049 0.21498 -0.20360
-0.04049 0.21257 -0.00793
-0.04049 0.21768 -0.05465
0.03874 0.27544 0.37458
-0.02234 -0.10586 0.03132
-0.02234 -0.25092 -0.02723
-0.02387 -0.00147 -0.28649
0.04049 -0.08230 -0.01414
0.04049 -0.10708 -0.09517
0.04189 0.27175 -0.05221
0.04189 0.27276 -0.27782
0.04189 0.24360 -0.17994
0.04189 0.24538 0.17042
-0.04049 -0.02453 0.06568
-0.04049 -0.04092 0.05380
-0.04049 -0.04342 0.01483
-0.04049 -0.04319 -0.08605
-0.01792 -0.04588 0.10325
0.03253 0.00558 0.38207
0.01447 0.00518 0.37622
-0.02234 -0.21247 -0.34820
0.04189 -0.01834 0.11888
0.04189 -0.01837 0.13311
-0.02234 -0.26002 -0.08637
-0.02234 -0.25765 -0.26366
0.01267 -0.26004 0.37012
-0.02234 -0.06764 -0.25097
-0.02234 -0.11353 -0.25699
-0.02234 -0.14367 -0.16099
-0.02234 -0.09168 -0.19964
-0.02234 -0.12767 -0.18612
-0.02234 -0.12229 -0.16159
-0.02234 -0.13015 -0.10843
-0.02234 -0.15539 -0.29354
-0.02234 -0.10692 -0.27727
-0.02234 -0.16569 -0.26903
-0.02234 -0.08794 -0.26784
-0.02234 -0.14178 -0.20045
-0.02234 -0.07553 -0.28555
-0.02234 -0.04673 -0.28015
-0.02234 -0.09229 -0.33101
-0.02234 -0.11296 -0.12567
-0.02234 -0.09572 -0.22130
-0.02234 -0.12793 -0.09238
-0.02234 -0.06978 -0.33567
-0.02234 -0.05450 -0.33845
-0.02234 -0.10088 -0.24390
-0.02234 -0.12160 -0.29486
-0.02234 -0.05686 -0.32168
-0.02234 -0.05919 -0.28809
-0.02234 -0.14796 -0.20503
-0.02234 -0.05658 -0.30251
-0.02234 -0.06075 -0.21670
-0.02234 -0.14320 -0.28704
-0.02234 -0.12731 -0.30846
-0.02234 -0.15335 -0.25208
-0.02234 -0.06726 -0.20109
-0.02234 -0.09784 -0.16395
-0.02234 -0.18238 -0.30182
-0.02234 -0.08544 -0.15483
-0.02234 -0.06658 -0.29170
-0.02234 -0.09705 -0.12544
-0.02234 -0.23276 -0.11961
-0.02234 -0.23472 0.10032
-0.02234 -0.23064 -0.23144
-0.02234 -0.23431 0.17962
0.04189 -0.05460 0.07417
0.04189 0.27638 0.10283
0.04189 0.27729 0.32094
0.04049 -0.02599 0.16168
0.04049 -0.01372 0.26526
-0.04049 -0.00361 0.16147
-0.04049 -0.00580 -0.24378
0.04189 0.28455 -0.14095
0.03416 -0.28089 -0.30993
0.03868 -0.06995 -0.03844
0.04049 -0.27890 0.12119
-0.02234 -0.23913 0.27145
-0.02234 -0.23752 0.25687
-0.02234 -0.23671 0.21186
-0.04049 -0.03633 0.10916
-0.04049 -0.03387 0.04673
-0.04049 -0.00928 0.20240
-0.04049 -0.01189 0.13384
-0.04049 0.23150 -0.08581
-0.04049 0.22975 -0.22373
-0.04049 0.23164 -0.31177
-0.04049 0.22876 -0.12891
-0.04049 0.24096 -0.27935
-0.04049 0.23168 0.14812
0.03339 -0.23417 -0.35185
-0.04049 0.10882 -0.14675
-0.04049 0.10200 -0.17736
-0.04049 0.11491 -0.02334
-0.04049 0.07768 -0.31287
-0.04049 0.10359 -0.11032
-0.04049 0.08722 -0.37486
-0.04049 0.14002 0.20416
-0.04049 0.09963 -0.20299
-0.04049 0.09344 -0.19555
-0.02319 0.11533 -0.38122
-0.02234 -0.02760 0.14265
0.00422 -0.05062 -0.12569
0.02644 -0.02470 0.38823
0.03059 -0.19293 0.38823
-0.02234 -0.23034 0.24351
-0.02234 -0.23233 0.31969
-0.02234 -0.22967 0.20944
-0.02475 -0.04905 0.09580
-0.02234 -0.07125 -0.13119
-0.02234 -0.05632 -0.19502
-0.02234 -0.27185 -0.02398
-0.03990 -0.06754 0.02747
0.04049 -0.10933 -0.08804
0.04049 -0.13238 -0.15177
0.04049 -0.10602 -0.08356
0.04049 -0.15299 -0.21321
0.04049 -0.07499 0.08355
0.04049 -0.07947 0.07407
0.04049 -0.14526 -0.18288
0.04049 -0.10501 -0.03894
-0.01777 -0.20837 -0.35855
0.04189 -0.04942 0.03016
0.04189 -0.04693 0.06499
-0.00294 -0.00686 -0.25046
0.01049 -0.00495 -0.26260
0.02848 0.04655 -0.39665
0.00145 -0.01908 0.18188
-0.04049 0.16101 0.22564
-0.04049 0.16064 -0.27847
-0.04049 0.16087 0.01345
-0.04049 0.16030 -0.10996
-0.04049 0.15254 -0.24797
-0.04049 0.15959 -0.05091
-0.04049 0.16090 -0.32719
-0.04049 0.15970 0.11499
-0.04049 0.14764 -0.36914
-0.04049 0.16251 -0.31533
-0.04049 0.16495 -0.13022
0.01453 0.21246 0.40622
-0.02234 -0.04577 -0.20738
-0.04049 0.22297 0.36917
-0.04049 0.22405 0.38605
0.02796 0.10932 -0.38245
0.04189 -0.00427 -0.24350
0.04189 -0.00601 -0.12201
-0.03840 -0.01072 -0.23004
-0.04049 0.28547 0.27207
-0.04049 0.23015 0.34009
-0.04049 0.23776 -0.10458
-0.04049 0.23051 -0.32340
-0.04049 0.23608 -0.17409
-0.04049 0.22952 0.06390
-0.04049 0.22987 -0.02625
0.04189 0.22761 0.35969
0.04189 0.22851 0.09441
-0.02234 -0.23291 0.16116
-0.02234 -0.23132 0.22183
-0.02234 -0.23009 0.18574
-0.02234 -0.23172 0.11727
-0.02234 -0.08227 -0.12814
0.02497 -0.27386 -0.32102
0.04189 0.12951 -0.19349
0.04189 0.17958 0.18437
0.04189 0.17349 0.16617
0.04189 0.14914 -0.04211
0.04189 0.12624 -0.17179
0.04189 0.10733 -0.31468
0.04189 0.16011 0.02802
0.04189 0.16111 0.06683
0.04189 0.15053 0.00160
0.04189 0.13601 -0.09320
-0.03124 0.01342 0.38891
0.03347 0.18572 0.40472
0.04049 -0.27985 -0.03813
-0.02254 0.00178 -0.31468
0.02713 -0.00943 -0.23662
0.03411 -0.04312 0.38823
0.03950 -0.07827 0.38823
-0.02234 -0.20730 -0.21569
-0.02234 -0.20828 0.14795
-0.02234 -0.21184 0.22336
-0.02234 -0.20618 -0.22535
-0.02234 -0.11460 -0.03477
-0.04049 -0.06020 0.01106
0.04189 0.25240 0.25424
-0.02234 -0.00985 0.25837
-0.02866 -0.06750 -0.06834
0.04189 0.25091 0.14860
-0.02526 0.25421 0.38814
-0.02234 -0.09129 0.06919
-0.02234 -0.02804 0.30432
-0.04049 -0.00320 0.20411
-0.04049 -0.00225 0.07872
-0.04049 0.28733 -0.16099
-0.02234 -0.05052 0.16760
-0.02234 -0.09036 0.05774
-0.02234 -0.02542 0.31129
-0.02234 -0.09201 0.05090
0.04189 0.28292 -0.13639
-0.00311 0.07259 -0.39050
-0.02465 0.08144 -0.38849
-0.02777 0.25874 -0.35611
-0.02234 -0.26810 -0.30667
-0.04049 0.28516 -0.17076
0.01731 -0.00837 -0.24206
0.03587 -0.27932 0.34982
0.04189 0.00587 0.33951
-0.02738 -0.01857 -0.19396
0.04049 -0.27876 0.11613
0.04049 -0.27895 0.22149
-0.00001 0.00473 0.38823
-0.00127 -0.26946 0.36180
-0.02234 -0.04999 -0.04760
-0.00392 -0.23729 0.38266
-0.00386 -0.15243 -0.35919
0.00167 -0.05050 -0.35919
0.01354 -0.01655 -0.35919
-0.00505 -0.14458 -0.35919
0.00075 -0.06794 -0.35919
-0.03193 0.28730 0.34442
-0.04049 0.24730 0.13717
-0.04049 0.25043 -0.03536
-0.04049 0.24724 -0.06157
-0.04049 0.25228 -0.35756
-0.02234 -0.01378 0.30321
0.04189 0.19278 0.31156
0.04189 0.12219 -0.05615
0.04189 0.10605 -0.10731
0.04189 0.08125 -0.23086
0.04189 0.10571 -0.14164
0.04189 0.09125 -0.19096
0.04189 0.19992 0.35244
0.04189 0.12055 -0.04261
0.04189 0.14524 0.04602
0.04189 0.11613 -0.09917
-0.01873 -0.04846 -0.35919
0.04049 -0.22528 0.24102
0.04049 -0.22549 0.22866
-0.04049 -0.02526 0.03816
-0.04049 -0.02052 0.16466
0.01639 0.06185 -0.39299
0.03755 0.28357 -0.33229
-0.04049 0.22124 0.39707
-0.04049 0.22033 0.26679
0.04189 0.16268 -0.23006
0.04189 0.16437 -0.17177
0.04189 0.18253 0.00444
0.04189 0.17510 -0.19243
0.04189 0.16615 -0.16165
0.04189 0.16498 -0.30253
0.04189 0.15448 -0.36894
0.04189 0.17691 -0.01872
0.04189 0.16688 -0.13753
0.04189 0.16989 -0.25128
-0.02234 -0.01588 0.25838
-0.02234 -0.24768 -0.25344
0.00125 0.00102 0.32460
-0.02234 -0.27621 0.23209
-0.02234 -0.27890 0.24547
-0.02234 -0.27464 0.31750
-0.02234 -0.24757 0.36667
0.04189 0.11040 -0.27335
0.04189 0.11493 -0.21726
0.04189 0.16694 0.11146
0.04189 0.11665 -0.28337
0.04189 0.15032 -0.02844
0.04189 0.11020 -0.33208
0.04189 0.14773 -0.03721
0.04189 0.18538 0.24448
0.04189 0.12466 -0.14944
0.04189 0.09320 -0.34813
-0.00054 -0.02021 0.17560
0.04189 0.25287 0.38815
-0.01997 -0.07357 -0.03396
-0.02234 -0.28368 0.03041
-0.02234 -0.28385 -0.10946
-0.04049 0.00410 0.02445
-0.02694 -0.00010 -0.29783
0.01382 -0.02836 -0.35919
0.00639 -0.10649 -0.35919
-0.00443 -0.11329 -0.35919
0.04189 0.21456 0.28470
0.04189 0.22482 -0.20994
-0.02234 -0.08414 -0.10082
-0.02234 -0.01897 -0.31318
0.04189 0.23588 0.18283
0.04189 0.24138 -0.25188
-0.00128 0.26859 -0.35076
-0.04049 0.28372 -0.16462
-0.02234 -0.17029 -0.07908
-0.02234 -0.19664 -0.01347
-0.02234 -0.16217 -0.03962
-0.02234 -0.19254 -0.16589
-0.02234 -0.19652 0.32191
-0.02234 -0.15842 -0.12604
-0.02234 -0.19915 0.11853
-0.02234 -0.16121 -0.00901
-0.02234 -0.19720 0.18821
-0.02234 -0.19465 0.12591
-0.02234 -0.16878 0.04098
-0.02234 -0.20169 -0.15134
-0.02234 -0.17128 0.03607
-0.02234 -0.18509 -0.05065
-0.02234 -0.13600 -0.04592
-0.02234 -0.17850 0.09637
-0.02234 -0.16991 -0.12394
-0.02234 -0.17985 0.14059
-0.02234 -0.20321 0.16592
-0.02234 -0.17873 0.02697
-0.02234 -0.18701 -0.02551
-0.02234 -0.18513 -0.14275
-0.02234 -0.16665 -0.11871
-0.02234 -0.14857 0.07605
-0.02234 -0.17259 -0.17873
-0.02234 -0.16947 0.18395
-0.02234 -0.20018 0.00741
-0.02234 -0.16676 0.07167
-0.02234 -0.19809 -0.04966
-0.02234 -0.17424 -0.10659
-0.02234 -0.18653 -0.10355
-0.02234 -0.14649 -0.04742
-0.02234 -0.18159 0.07203
-0.02234 -0.17800 -0.05144
-0.00833 0.16366 -0.37195
0.03928 0.15751 -0.37306
-0.02234 -0.01023 -0.24489
-0.04049 0.02171 -0.40016
-0.04049 0.03126 -0.33445
-0.04049 0.11038 0.12584
-0.04049 0.02529 -0.32898
-0.04049 0.07377 -0.11464
-0.04049 0.07084 -0.12357
-0.04049 0.02935 -0.32201
-0.04049 0.03232 -0.29263
-0.02234 -0.06292 -0.34152
-0.02234 -0.02331 -0.33050
-0.02234 -0.16316 -0.34296
-0.02234 -0.12434 -0.22601
-0.02234 -0.14834 -0.30203
-0.02234 -0.07420 -0.23731
-0.02234 -0.17899 -0.28929
-0.02234 -0.13015 -0.17372
-0.02234 -0.09545 -0.34163
-0.02234 -0.06788 -0.30494
-0.02234 -0.13626 -0.15285
-0.02234 -0.09900 -0.23736
-0.02234 -0.11434 -0.33980
-0.02234 -0.12581 -0.32166
-0.02234 -0.05062 -0.32049
-0.02234 -0.17261 -0.28355
-0.02234 -0.07946 -0.33373
-0.02234 -0.11704 -0.11783
-0.02234 -0.12677 -0.10330
-0.02234 -0.13670 -0.13836
-0.02234 -0.07340 -0.18377
-0.02234 -0.10918 -0.32903
-0.02234 -0.10677 -0.17306
-0.02234 -0.13350 -0.24487
-0.02234 -0.12851 -0.31628
-0.02234 -0.12694 -0.17914
-0.02234 -0.10007 -0.15140
-0.02234 -0.11038 -0.09055
-0.02234 -0.10970 -0.28919
-0.02234 -0.08656 -0.31015
-0.02234 -0.08500 -0.33908
-0.02234 -0.14196 -0.22021
-0.02234 -0.15953 -0.22730
-0.02234 -0.11618 -0.29001
-0.02234 -0.07252 -0.24979
0.04189 0.22262 -0.35771
0.04189 0.21420 -0.21799
0.04189 0.21635 -0.06381
0.04189 0.22279 -0.14284
0.04189 0.21824 -0.02297
0.04189 0.22566 -0.31902
0.04189 0.22398 -0.33345
0.04189 0.21910 -0.31636
0.04189 0.21515 -0.36282
0.04189 0.21945 0.00896
0.04189 0.20942 -0.25647
-0.01792 0.28736 0.10151
0.00331 0.28736 0.26050
0.00152 0.28736 0.10813
-0.00607 0.28736 -0.02968
0.01433 0.28736 0.32060
0.00195 0.28736 0.28893
-0.03932 0.28736 0.13227
-0.03259 0.28736 0.19843
0.01515 0.28736 0.24856
-0.00242 0.28736 0.17348
0.01048 0.28736 0.10032
-0.03422 0.28736 -0.12212
0.01942 0.28736 0.21418
-0.03314 0.28736 0.24288
-0.03550 0.28736 0.30965
-0.00057 0.28736 0.16520
-0.00521 0.28736 0.04644
-0.02507 0.28736 0.00158
-0.01653 0.28736 -0.00979
0.01785 0.28736 0.31123
0.00076 0.28736 0.09161
0.00429 0.28736 0.16571
0.00223 0.28736 0.21201
0.01371 0.28736 0.12140
0.01575 0.28736 0.23287
0.00637 0.28736 0.30019
-0.00654 0.28736 0.11861
0.00424 0.28736 0.15277
-0.03023 0.28736 0.26760
-0.02757 0.28736 0.25361
-0.03822 0.28736 0.02413
-0.03487 0.28736 -0.06572
0.02892 0.00524 -0.36605
0.04189 0.00574 -0.32051
0.04049 -0.00192 -0.31670
-0.00317 -0.00132 -0.35919
-0.04049 -0.01468 -0.16360
-0.01387 -0.19550 0.38823
-0.01376 -0.14885 0.38823
-0.02232 -0.02238 0.38823
-0.04049 -0.03211 -0.03662
-0.04049 -0.03193 -0.00879
0.00280 -0.24695 -0.34533
-0.04049 0.24422 0.22202
-0.01216 0.21628 -0.36335
-0.02761 -0.06914 0.01433
-0.04049 0.21958 -0.19337
-0.04049 0.21138 0.33597
-0.04049 0.21459 0.02772
-0.04049 0.21010 0.03730
-0.04049 0.21842 -0.07428
-0.04049 0.21455 0.17615
-0.04049 0.21244 0.10583
-0.04049 0.21027 -0.07016
-0.04049 0.21176 -0.16473
-0.04049 0.22558 -0.33416
0.00335 -0.00732 0.25415
0.01119 -0.00738 0.25367
-0.03890 -0.06034 -0.09566
0.04189 -0.05808 0.05659
0.02893 0.13834 -0.37665
-0.02819 0.14445 -0.37546
-0.04049 0.00067 0.06496
-0.00201 -0.02915 -0.17028
-0.01514 -0.02358 -0.17965
-0.02232 0.00421 -0.34437
0.04049 -0.12062 -0.14323
0.04049 -0.08389 -0.03631
0.04049 -0.06719 -0.06538
-0.01143 0.00563 -0.37443
-0.01777 -0.01757 -0.19825
0.04049 -0.01208 0.24138
-0.03636 0.00385 -0.33931
-0.02234 -0.28051 -0.08594
-0.02234 -0.28000 0.29576
0.00746 -0.05923 -0.09992
0.04049 -0.21673 -0.10506
0.04049 -0.22270 0.28652
0.04049 -0.21770 -0.25144
0.04049 -0.21989 0.22620
0.04049 -0.21890 0.02224
-0.02234 -0.20025 -0.34742
-0.04049 0.25214 -0.10036
-0.04049 0.25161 0.12251
-0.02234 0.00397 0.38121
-0.02234 -0.01601 -0.26791
0.04189 -0.01546 -0.15302
0.04189 -0.01993 0.10336
0.01324 -0.03572 0.12451
-0.02234 -0.24437 0.23108
-0.02234 -0.24430 -0.31368
0.04189 -0.06726 0.00480
0.00240 0.01413 -0.40490
0.02760 0.00583 -0.39126
-0.02030 0.00570 -0.37884
-0.02234 -0.27079 -0.20663
-0.02234 -0.08426 -0.13423
-0.03559 -0.10976 -0.02673
-0.01936 -0.05463 0.08066
-0.02234 -0.22329 0.08166
-0.02234 -0.22182 0.25082
-0.02234 -0.22240 -0.09780
-0.02234 -0.03046 -0.18881
0.04189 -0.03735 0.05718
-0.00759 -0.06136 0.05862
0.01037 -0.06235 0.05405
-0.02234 -0.04135 -0.17940
-0.04049 0.24035 0.11759
-0.04049 0.23982 0.23990
-0.04049 0.15831 -0.31164
-0.04049 0.16234 0.13429
-0.04049 0.16079 -0.09988
-0.04049 0.15661 -0.09432
-0.04049 0.16156 -0.01037
-0.04049 0.15452 -0.07737
-0.04049 0.16291 0.19338
-0.04049 0.15547 -0.26004
-0.04049 0.15787 -0.17904
-0.04049 0.15900 -0.19611
0.04189 0.00350 0.30295
0.04189 0.28042 -0.32364
0.04189 0.27875 0.14884
0.04049 -0.24133 0.27226
0.04049 -0.24556 0.16925
0.04049 -0.24381 -0.12266
0.04049 -0.24398 -0.24046
-0.02234 -0.26960 0.18505
-0.00677 -0.24112 -0.34858
-0.04049 -0.00242 -0.22705
-0.04049 -0.00094 0.27400
-0.02234 -0.01105 -0.26142
0.02956 0.14967 -0.37449
-0.02234 -0.02531 -0.23976
-0.02234 -0.02211 -0.27089
0.03092 -0.02474 0.15299
-0.04189 -0.10506 -0.02802
0.00535 -0.27768 -0.31539
0.04189 -0.02649 0.08606
0.04189 -0.02712 0.06380
0.04189 -0.02715 -0.14439
-0.03274 0.26530 0.38308
-0.02234 -0.28697 0.21747
-0.02234 -0.23673 0.26328
-0.02234 -0.23875 0.29800
-0.02234 -0.23777 0.04032
0.00110 0.08795 -0.38703
0.04189 0.28086 -0.08989
0.04189 0.28088 -0.01945
-0.04049 -0.04572 0.05893
-0.04049 -0.04624 -0.04632
0.00561 -0.05751 -0.10652
-0.02311 0.23839 0.39425
0.04049 -0.21889 0.18245
0.04049 -0.22003 0.24777
0.04049 -0.21811 0.07639
-0.03776 -0.00280 0.28907
0.04189 -0.00481 0.14337
0.04189 -0.00614 0.21354
-0.02234 -0.26512 -0.12923
-0.02234 -0.26333 0.01714
-0.02234 -0.25741 0.21814
-0.02234 -0.25648 -0.04385
0.00207 0.27974 0.36895
0.00802 0.28241 0.36453
-0.04049 0.13420 0.21920
-0.04049 0.05779 -0.29563
-0.04049 0.11292 0.05951
-0.04049 0.07973 -0.12210
-0.04049 0.09610 -0.02427
-0.04049 0.05903 -0.22438
-0.04049 0.07045 -0.17511
-0.04049 0.06956 -0.21359
-0.04049 0.10568 0.03361
-0.04049 -0.04349 -0.10146
-0.04049 -0.03997 -0.13858
0.04189 0.25761 0.11361
0.04189 0.25982 0.16566
0.04189 0.26089 0.12957
0.04049 -0.16637 -0.20317
0.04049 -0.09005 0.13550
0.04049 -0.11733 0.33429
0.04049 -0.14397 0.02169
0.04049 -0.14493 -0.01569
0.04049 -0.12834 0.06195
0.04049 -0.15777 0.26089
0.04049 -0.06577 0.32561
0.04049 -0.14956 0.31784
0.04049 -0.18259 0.22159
0.04049 -0.18548 -0.00870
0.04049 -0.18874 0.06599
0.04049 -0.11691 0.32109
0.04049 -0.17802 -0.08279
0.04049 -0.16527 0.12702
0.04049 -0.18740 0.10884
0.04049 -0.12516 0.11623
0.04049 -0.13616 -0.06973
0.04049 -0.16786 -0.07835
0.04049 -0.18168 -0.19626
0.04049 -0.12399 -0.04555
0.04049 -0.17090 0.07258
0.04049 -0.16714 -0.14327
0.04049 -0.11333 0.15620
0.04049 -0.08894 0.11095
0.04049 -0.19010 0.18856
0.04049 -0.10686 0.21020
0.04049 -0.04950 0.27250
0.04049 -0.11101 0.14814
0.04049 -0.19081 0.03421
0.04049 -0.07182 0.11764
0.04049 -0.01707 0.31009
0.04049 -0.16937 -0.23164
0.04049 -0.07425 0.20537
0.04049 -0.03118 0.37962
0.04049 -0.20342 0.12523
0.04049 -0.18732 -0.17207
0.04049 -0.10891 -0.02866
0.04049 -0.14353 -0.02458
0.04049 -0.17826 0.33934
0.04049 -0.17630 -0.04551
0.04049 -0.17098 0.35307
0.04049 -0.03009 0.34234
0.04049 -0.10015 0.06980
0.04049 -0.12995 0.31756
0.04049 -0.19251 0.37590
0.04049 -0.11026 0.10337
0.04049 -0.17158 -0.20723
0.04049 -0.18535 -0.06105
0.04049 -0.17497 0.00702
0.04049 -0.20014 0.00313
0.04049 -0.14839 0.38190
0.04049 -0.06948 0.29960
0.04049 -0.07043 0.11063
0.04049 -0.09173 0.26261
0.04049 -0.17496 0.21887
0.04049 -0.12826 0.03611
0.04049 -0.11071 0.18739
0.04049 -0.18996 0.26932
0.04049 -0.20106 0.30327
0.04049 -0.18291 0.03811
0.04049 -0.06516 0.17453
0.04049 -0.03953 0.35505
0.04049 -0.05071 0.34427
0.04049 -0.03306 0.36727
0.04049 -0.14877 0.26175
0.04049 -0.14316 -0.07396
0.04049 -0.13499 -0.10803
0.04049 -0.04953 0.35011
0.04049 -0.12146 -0.07356
0.04049 -0.13062 0.08360
0.04049 -0.13399 0.02591
0.04049 -0.19912 -0.21998
0.04049 -0.12906 0.33853
0.04049 -0.19737 0.09185
0.04049 -0.03425 0.26986
0.04049 -0.13710 0.19468
0.04049 -0.12632 -0.00002
0.04049 -0.19487 -0.04812
0.04049 -0.16218 0.09074
0.04049 -0.12420 0.16690
0.04049 -0.13679 0.31982
0.04049 -0.01769 0.30424
0.04049 -0.08827 0.20261
0.04049 -0.15683 0.01670
0.04049 -0.19172 0.31641
0.04049 -0.07394 0.27116
0.04049 -0.16045 0.34449
0.04049 -0.18924 0.34713
0.04049 -0.18444 0.29644
0.04049 -0.12607 0.15341
0.04049 -0.11946 0.22001
0.04049 -0.09735 0.37853
0.04049 -0.06842 0.18774
0.04049 -0.17890 0.27885
0.04049 -0.14481 0.05237
0.04049 -0.14146 0.34995
0.04049 -0.12043 0.16199
0.04049 -0.07919 0.27912
0.04049 -0.15002 0.22740
0.04049 -0.05917 0.15810
0.04049 -0.11253 0.12005
0.04049 -0.08516 0.32242
0.04049 -0.00389 0.38075
-0.02234 -0.23909 -0.17411
-0.02234 -0.23977 0.00306
-0.02234 -0.23873 -0.19585
0.04049 -0.04367 -0.15090
0.04049 -0.24059 -0.04935
0.04049 -0.24119 -0.01879
0.04049 -0.23826 -0.27692
0.04049 -0.23904 0.13388
-0.03820 -0.05225 -0.12122
-0.02955 -0.07481 -0.06888
-0.04049 0.17024 -0.06374
-0.04049 0.18449 0.04932
-0.04049 0.16997 0.06436
-0.04049 0.17244 0.19425
-0.04049 0.19535 0.31086
-0.04049 0.17807 -0.02226
-0.04049 0.17890 0.36225
-0.04049 0.17690 -0.10631
-0.04049 0.18256 0.38769
-0.04049 0.18050 0.19208
-0.04049 0.16916 0.04360
-0.04049 0.18233 0.34270
-0.04049 0.18154 -0.01042
-0.04049 0.17694 0.20938
-0.04049 0.18128 0.06375
-0.04049 0.20709 0.38337
-0.04049 0.16693 0.37827
-0.04049 0.18874 0.22685
-0.04049 0.20101 0.31570
-0.03851 -0.04312 0.10973
0.04049 -0.28361 0.10862
0.04049 -0.28034 -0.14978
0.04049 -0.13450 -0.18300
-0.00118 -0.19939 -0.35911
-0.01330 -0.28736 0.32813
-0.01772 -0.28736 -0.06291
0.01657 -0.28736 0.17692
-0.01161 -0.28736 0.31175
-0.00940 -0.28736 0.14341
-0.01904 -0.28736 0.03136
-0.01158 -0.28736 0.24694
0.01273 -0.28736 0.12749
0.01753 -0.28736 0.11659
-0.00672 -0.28736 0.29641
-0.01116 -0.28736 0.30600
0.00423 -0.28736 0.32109
-0.02069 -0.28736 -0.12962
-0.02110 -0.28736 0.31444
0.01129 -0.28736 0.04303
-0.00167 -0.28736 0.30670
-0.00654 -0.28736 0.08790
-0.01293 -0.28736 0.07099
-0.00026 -0.28736 0.01854
-0.01528 -0.28736 0.05777
-0.00568 -0.28736 -0.12698
-0.01585 -0.28736 -0.13911
-0.01360 -0.28736 -0.17169
0.04189 -0.01173 -0.08950
0.04189 -0.01032 -0.01957
0.03980 -0.21061 0.38805
-0.03512 -0.06700 0.03199
-0.04049 -0.01003 -0.11311
-0.04049 -0.00860 0.08446
-0.02234 -0.27338 0.32511
0.03502 -0.00736 0.25388
0.00461 -0.00565 0.26659
-0.03564 0.24064 0.39333
0.04049 -0.27418 0.06636
0.04049 -0.27417 -0.29187
0.04189 0.23059 -0.09409
0.04189 0.23594 -0.31224
0.04189 0.23247 -0.11256
0.04189 0.22896 0.20281
0.04189 0.23574 -0.16423
0.04189 0.23294 -0.13442
0.04189 0.23237 -0.17385
0.04189 0.23295 -0.13920
0.04049 -0.03796 0.15485
0.04189 0.27085 0.28517
0.04189 0.27231 0.36503
-0.02347 -0.00462 -0.26471
-0.02234 -0.11904 0.37920
-0.02234 -0.14000 0.37650
0.01483 0.28435 -0.33036
0.04049 -0.01356 -0.27103
0.04189 0.22252 0.17146
-0.04189 -0.07543 -0.01394
0.04189 0.26789 0.23352
0.04189 0.26663 -0.08781
-0.00670 -0.05522 0.07881
0.04189 -0.05365 -0.09277
0.04189 -0.05526 -0.04576
0.02098 0.00225 0.33814
-0.02234 -0.01410 -0.27368
0.04189 0.22391 -0.07764
-0.02265 0.27229 0.37778
0.04049 -0.26612 0.01071
0.04049 -0.26579 0.23874
-0.02290 0.17231 -0.37043
0.01922 -0.28736 0.31140
0.01438 -0.28736 0.20145
0.00506 -0.28736 -0.00853
0.00984 -0.28736 0.29862
0.00538 -0.28736 0.13659
0.01287 -0.28736 0.14053
-0.00216 -0.28736 0.24522
0.01202 -0.28736 0.26380
0.02545 -0.28736 0.25607
0.02840 -0.28736 0.32333
0.02528 -0.28736 0.22893
0.03683 -0.28736 0.31195
-0.02042 -0.28736 0.19871
-0.00117 -0.28736 0.27685
-0.00705 -0.28736 0.11885
-0.01960 -0.28736 -0.19825
-0.02066 -0.28736 -0.20768
-0.02112 -0.28736 0.11172
-0.02234 -0.00859 0.32711
-0.02234 -0.00015 0.36971
0.04049 -0.26031 -0.23861
0.04049 -0.25729 0.25567
0.04049 -0.26052 0.28287
-0.02377 0.21149 -0.36406
0.04189 0.20108 0.23724
0.04189 0.17218 -0.20925
0.04189 0.19816 0.22815
0.04189 0.17390 -0.12016
0.04189 0.17361 -0.15912
0.04189 0.17853 -0.15018
0.04189 0.15484 -0.32445
0.04189 0.16960 -0.19329
0.04189 0.16176 -0.22221
0.04189 0.18407 -0.05632
0.00592 0.27547 0.37455
0.02030 -0.18877 -0.35919
0.00585 -0.02915 -0.17028
-0.00965 0.28736 -0.08274
-0.02382 0.28736 -0.20300
0.03070 0.28736 0.18513
0.03533 0.28736 0.11386
-0.01427 0.28736 -0.24981
-0.00284 0.28736 -0.18504
0.00507 0.28736 0.00354
-0.03324 0.28736 -0.25652
0.01333 0.28736 -0.02929
0.00426 0.28736 -0.20533
0.02895 0.28736 -0.11938
-0.00943 0.28736 -0.23293
0.02053 0.28736 -0.07595
-0.02835 0.28736 -0.28020
0.02782 0.28736 -0.08054
0.02653 0.28736 0.17446
0.03990 0.28736 -0.15909
0.04014 0.28736 -0.14486
0.00716 0.28736 -0.11658
0.03981 0.28736 0.20760
0.02887 0.28736 -0.31119
0.00300 0.28736 -0.22521
0.02550 0.28736 -0.23749
0.01343 0.28736 -0.15342
0.03718 0.28736 -0.12187
0.01979 0.28736 -0.27386
0.01161 0.28736 -0.29319
0.01475 0.28736 -0.07901
0.01266 0.28736 0.07107
0.00914 0.28736 -0.19405
0.04049 -0.11505 0.12542
0.04049 -0.10481 0.04929
0.04049 -0.13708 0.28863
0.04049 -0.18183 0.10620
0.04049 -0.15153 0.06082
0.04049 -0.19187 0.23476
0.04049 -0.15024 -0.05654
0.04049 -0.15667 0.27876
0.04049 -0.12479 0.27180
0.04049 -0.16215 0.37492
0.04049 -0.17736 0.20076
0.04049 -0.18418 -0.14614
0.04049 -0.16842 -0.15919
0.04049 -0.15948 0.10421
0.04049 -0.15849 -0.01736
0.04049 -0.16076 0.05846
0.04049 -0.09649 0.33785
0.04049 -0.19126 0.11182
0.04049 -0.17745 -0.23411
0.04049 -0.14242 -0.14542
0.04049 -0.13364 0.28249
0.04049 -0.09620 0.04195
0.04049 -0.05168 0.19195
0.04049 -0.19023 0.25057
0.04049 -0.16999 0.27925
0.04049 -0.07558 0.36070
0.04049 -0.20251 0.25680
0.04049 -0.18308 -0.08756
0.04049 -0.10474 0.30881
0.04049 -0.19255 0.03974
0.04049 -0.14339 0.22080
0.04049 -0.16650 0.34148
0.04049 -0.17939 0.20718
0.04049 -0.12224 0.23670
0.04049 -0.10974 -0.01969
0.04049 -0.07222 0.14385
0.04049 -0.11758 0.28598
0.04049 -0.11787 0.02764
0.04049 -0.11585 0.13868
0.04049 -0.19114 -0.18899
0.04049 -0.19860 -0.27124
0.04049 -0.06497 0.22699
0.04049 -0.12756 0.02269
0.04049 -0.18631 -0.16387
0.04049 -0.10418 0.16988
0.04049 -0.10416 0.27752
0.04049 -0.19882 0.14455
0.04049 -0.02400 0.35605
0.04049 -0.13311 -0.08545
0.04049 -0.10462 0.09788
0.04049 -0.09682 0.36104
0.04049 -0.18994 -0.11686
0.04049 -0.18304 0.30887
0.04049 -0.13524 0.10920
0.04049 -0.07954 0.27299
0.04049 -0.07373 0.10434
0.04049 -0.18561 -0.27290
0.04049 -0.08116 0.17629
0.04049 -0.17052 0.05562
0.04049 -0.00363 0.36052
0.04049 -0.11682 0.02286
0.04049 -0.03444 0.25557
0.04049 -0.08898 0.22828
0.04049 -0.19487 -0.29104
0.04049 -0.05547 0.22420
0.04049 -0.17769 0.27352
0.04049 -0.16412 0.10842
0.04049 -0.09449 0.32427
0.04049 -0.12081 0.04492
0.04049 -0.06959 0.26419
0.04049 -0.00509 0.38545
0.04049 -0.05937 0.33203
0.04049 -0.18133 0.19218
0.04049 -0.03863 0.33487
0.04049 -0.07155 0.16748
0.04049 -0.01311 0.36730
0.04049 -0.12621 0.36271
0.04049 -0.19087 -0.01787
0.04049 -0.09944 0.05449
0.04049 -0.16836 -0.24802
0.04049 -0.17889 -0.12618
0.04049 -0.16342 0.18104
0.04049 -0.14402 0.03975
0.04049 -0.19410 0.07095
0.04049 -0.19323 -0.33974
0.04049 -0.19070 -0.07342
0.04049 -0.18292 0.01413
0.04049 -0.14758 0.29533
0.04049 -0.04003 0.30956
0.04049 -0.09011 0.28689
0.04189 0.20251 -0.11542
0.04189 0.19996 -0.23573
0.04189 0.20036 0.03496
0.04189 0.20574 -0.03136
0.04189 0.19753 -0.09918
0.04189 0.20505 0.05244
0.04189 0.20291 -0.18857
0.04189 0.20270 -0.12359
0.04189 0.20495 0.11240
0.04189 0.20439 -0.32709
-0.03001 0.00176 0.33278
0.03500 -0.05321 0.08512
-0.02234 -0.26920 -0.26199
-0.04049 0.25207 -0.05660
-0.04049 0.24958 0.32636
0.04189 -0.04111 -0.05737
0.04189 -0.04479 -0.03789
0.04189 -0.04037 -0.11330
-0.04049 0.06544 -0.05589
-0.04049 0.10954 0.26562
-0.04049 0.03234 -0.14741
-0.04049 0.13935 0.29603
-0.04049 0.02797 0.24308
-0.04049 0.04063 0.24575
-0.04049 0.09771 0.09519
-0.04049 0.07352 0.23913
-0.04049 0.03468 -0.05319
-0.04049 0.08932 0.31635
-0.04049 0.07495 0.33824
-0.04049 0.05067 0.17447
-0.04049 0.02754 -0.22860
-0.04049 0.01921 0.34924
-0.04049 0.09511 0.23682
-0.04049 0.00837 -0.10197
-0.04049 0.05290 0.11949
-0.04049 0.03971 -0.01915
-0.04049 0.01354 -0.08089
-0.04049 0.09553 0.14430
-0.04049 0.01694 -0.09937
-0.04049 0.10457 0.36991
-0.04049 0.08059 0.27843
-0.04049 0.04209 -0.07964
-0.04049 0.01295 0.11159
-0.04049 0.05140 -0.04166
-0.04049 0.04685 0.08858
-0.04049 0.10614 0.38205
-0.04049 0.01460 -0.17526
-0.04049 0.11471 0.19379
-0.04049 0.12624 0.38231
-0.04049 0.02626 -0.24848
-0.04049 0.03685 -0.17169
-0.04049 0.06818 0.34132
-0.04049 0.14646 0.38644
-0.04049 0.06586 0.07968
-0.04049 0.07450 0.03443
-0.04049 0.09327 0.18049
-0.04049 0.07189 0.26743
-0.04049 0.01765 -0.14221
-0.04049 0.01105 -0.15987
-0.04049 0.01864 0.06972
-0.04049 0.08192 0.35527
-0.04049 0.00925 0.03927
-0.04049 0.02718 0.12625
-0.04049 0.02334 0.02290
-0.04049 0.04036 0.25885
-0.04049 0.09648 0.25425
-0.04049 0.09834 0.22385
-0.04049 0.01686 -0.29092
-0.04049 0.03186 -0.15348
-0.04049 0.09231 0.37953
-0.04049 0.08984 0.38751
-0.04049 0.01275 0.01206
-0.04049 0.03925 0.23913
-0.04049 0.03672 -0.10474
-0.04049 0.08409 0.37598
-0.04049 0.07486 0.32935
-0.04049 0.05063 -0.12833
-0.04049 0.02073 0.16746
-0.04049 0.15215 0.39035
-0.04049 0.13197 0.37322
-0.04049 0.06553 0.14130
-0.04049 0.06095 0.16965
-0.04049 0.01712 0.12759
-0.04049 0.02649 0.35391
-0.04049 0.04072 0.37214
-0.04049 0.01777 0.01534
-0.04049 0.02526 0.09970
-0.04049 0.02327 -0.11312
-0.04049 0.02230 0.12100
-0.04049 0.04426 0.17688
-0.04049 0.07343 0.31192
-0.04049 0.06635 0.32530
-0.04049 0.02761 -0.27963
-0.04049 0.02344 -0.02363
-0.04049 0.09690 0.29448
-0.04049 0.05526 -0.03434
-0.04049 0.15017 0.39890
-0.01726 0.14147 -0.37604
0.04049 -0.21307 0.37870
0.04049 -0.20963 0.33108
0.04049 -0.20774 -0.09384
0.04049 -0.20885 0.36530
0.02219 0.00528 0.37781
-0.04049 0.27085 0.24102
-0.04049 0.27041 0.14777
-0.04049 0.27592 0.23245
-0.04049 0.26928 0.07763
-0.04049 0.27098 -0.05185
-0.04049 0.24676 0.28877
-0.03880 -0.01922 0.18113
0.04189 0.21563 0.20003
0.04189 0.21159 0.38008
0.04189 0.22710 0.29779
0.04189 0.22847 0.00251
-0.02234 -0.08423 -0.07981
0.04189 -0.02922 -0.06200
0.04189 -0.02745 0.09123
0.04049 -0.25533 0.31033
0.04049 -0.25543 0.07590
0.04049 -0.25545 -0.20112
0.04049 -0.25529 0.26301
-0.04049 0.03354 0.19327
-0.04049 0.08424 0.32019
-0.04049 0.00652 0.08842
-0.04049 0.12656 0.29844
-0.04049 0.15088 0.36143
-0.04049 0.07727 0.25376
-0.04049 0.11405 0.32218
-0.04049 0.12919 0.32059
-0.04049 0.09332 0.30208
-0.04049 0.04894 -0.11814
-0.04049 0.06604 0.09151
-0.04049 0.04994 0.22091
-0.04049 0.02732 0.18159
-0.04049 0.03601 0.26904
-0.04049 0.08396 0.21085
-0.04049 0.05029 -0.17387
-0.04049 0.09263 0.05970
-0.04049 0.01542 -0.21471
-0.04049 0.06382 0.25447
-0.04049 0.02980 -0.12208
-0.04049 0.05627 0.05743
-0.04049 0.08985 0.33140
-0.04049 0.12572 0.33699
-0.04049 0.07643 0.00934
-0.04049 0.04895 -0.13390
-0.04049 0.01932 -0.24675
-0.04049 0.05270 -0.15949
-0.04049 0.06875 0.06922
-0.04049 0.01083 0.00210
-0.04049 0.14485 0.36723
-0.04049 0.04190 -0.08783
-0.04049 0.00947 0.32409
-0.04049 0.08579 0.10750
-0.04049 0.05542 0.21620
-0.04049 0.14156 0.30653
-0.04049 0.05845 0.18771
-0.04049 0.01959 -0.00029
-0.04049 0.03284 -0.08570
-0.04049 0.06498 -0.03929
-0.04049 0.10368 0.36276
-0.04049 0.09382 0.28595
-0.04049 0.11635 0.38119
-0.04049 0.07206 -0.03686
-0.04049 0.02480 -0.03068
-0.04049 0.03433 0.09972
-0.04049 0.11745 0.28833
-0.04049 0.09455 0.12252
-0.04049 0.07051 0.09353
-0.04049 0.01917 -0.19279
-0.04049 0.01900 0.02636
-0.04049 0.02988 -0.17919
-0.04049 0.07338 0.02329
-0.04049 0.01617 -0.32800
-0.04049 0.02754 -0.09108
-0.04049 0.06331 0.36578
-0.04049 0.02958 -0.25779
-0.04049 0.02352 0.31164
-0.04049 0.07733 0.17825
-0.04049 0.01562 0.20066
-0.04049 0.00708 -0.11981
-0.04049 0.08414 0.32944
-0.04049 0.12901 0.28248
-0.04049 0.06160 0.22765
-0.04049 0.08064 0.16570
-0.04049 0.03319 -0.20923
-0.04049 0.10821 0.30681
-0.04049 0.05782 -0.04534
-0.04049 0.12801 0.22024
-0.04049 0.13551 0.30345
-0.04049 0.06466 -0.02612
-0.04049 0.04180 0.02232
-0.04049 0.02484 -0.18024
-0.04049 0.10786 0.34450
-0.04049 0.10143 0.24223
0.04189 0.25242 -0.19435
0.04189 0.25079 0.10088
0.04189 0.25343 -0.22571
-0.02234 -0.00218 -0.32082
0.03517 -0.04180 -0.35919
0.03726 -0.04843 -0.35919
0.04049 -0.09417 -0.12581
0.04049 -0.07765 -0.09090
0.04049 -0.12182 -0.18904
0.04049 -0.10626 -0.12614
0.04049 -0.07188 -0.08954
0.04049 -0.07305 -0.07436
0.02175 -0.00351 0.28274
