-0.17677 -0.18613 0.17307
-0.17183 -0.22647 0.17307
-0.19143 -0.08067 0.17307
-0.19493 -0.33764 0.17307
-0.16671 -0.14605 0.17307
-0.13244 -0.13182 0.17307
-0.19445 -0.33193 0.17307
-0.20249 -0.09927 0.17307
-0.20227 -0.16178 0.17307
-0.20940 -0.26629 0.17307
-0.18300 -0.11543 0.17307
-0.20444 -0.12068 0.17307
-0.14488 -0.11891 0.17307
-0.19410 -0.25830 0.17307
-0.11838 -0.07636 0.17307
-0.17349 -0.19708 0.17307
-0.18640 -0.19780 0.17307
-0.19696 -0.32555 0.17307
-0.16660 -0.11886 0.17307
-0.20100 -0.27840 0.17307
-0.18810 -0.07269 0.08459
-0.14548 -0.07269 0.08631
-0.18399 -0.07269 0.06343
-0.16418 -0.07269 0.05294
-0.19845 -0.07269 0.01601
-0.16281 -0.07269 0.01722
-0.16581 -0.07269 0.01148
-0.16224 -0.07269 0.06942
-0.20506 -0.07269 0.00765
-0.15559 -0.07269 0.04303
-0.20245 -0.07269 0.02093
-0.12799 0.38398 0.05966
-0.12799 0.37710 0.06351
-0.21124 0.40937 -0.03623
0.06580 -0.02029 -0.17307
-0.02691 -0.02229 -0.17307
0.00909 -0.01935 -0.17307
0.07526 -0.06159 -0.17307
0.14961 -0.02204 -0.17307
-0.02552 -0.01621 -0.17307
0.01129 -0.00437 -0.17307
0.16457 -0.00598 -0.17307
0.11849 -0.03924 -0.17307
0.09602 -0.02534 -0.17307
0.11184 -0.00359 -0.17307
0.19294 -0.00223 -0.17307
0.17235 -0.00352 -0.17307
0.12272 -0.03423 -0.17307
0.04775 -0.01430 -0.17307
0.13556 -0.02100 -0.17307
-0.18010 0.00542 -0.17307
-0.16758 0.15757 -0.17307
-0.18841 0.00473 -0.17307
-0.16810 0.11661 -0.17307
-0.15500 0.24057 -0.17307
-0.13704 0.24399 -0.17307
-0.16653 0.05603 -0.17307
-0.15380 0.06231 -0.17307
-0.16158 0.03476 -0.17307
-0.17800 0.02855 -0.17307
-0.15536 0.17765 -0.17307
-0.19299 0.02645 -0.17307
-0.16245 0.02277 -0.17307
-0.17899 0.10809 -0.17307
-0.16096 0.21374 -0.17307
-0.14984 0.13527 -0.17307
-0.13051 0.12514 -0.17307
0.14874 -0.07269 -0.10715
-0.12799 0.40769 0.00207
-0.21124 0.33945 0.14069
-0.21124 0.34767 0.05128
-0.21124 0.34829 0.02557
-0.21124 0.35024 0.08114
-0.21124 0.34440 -0.01755
-0.21124 0.36255 0.13095
-0.21124 0.36449 0.12075
-0.21124 0.36257 0.02757
-0.21124 0.35775 0.01117
-0.16393 0.39666 0.08367
-0.17202 0.39239 0.09269
0.17020 0.00370 0.07577
-0.00970 0.00370 0.16820
0.09779 0.00370 0.16955
0.10997 0.00370 0.08877
0.16911 0.00370 -0.09535
0.08299 0.00370 0.04399
0.16825 0.00370 0.11078
0.16597 0.00370 -0.03922
0.09451 0.00370 -0.04087
0.08132 0.00370 -0.03688
0.02623 0.00370 0.09476
-0.00119 0.00370 0.06708
0.20836 0.00370 -0.16403
0.07691 0.00370 0.04760
0.14208 0.00370 -0.06674
0.05905 0.00370 0.02863
-0.02112 0.00370 0.16656
0.10586 0.00370 -0.02036
0.10569 0.00370 -0.05557
0.18957 0.00370 -0.07405
0.20909 0.00370 -0.01500
-0.02398 0.00370 0.07247
0.16844 0.00370 0.15677
0.15453 0.00370 -0.03214
0.10978 0.00370 -0.06169
0.01825 0.00370 0.06884
0.14263 0.00370 -0.01595
0.03902 0.00370 0.12684
0.13739 0.00370 0.10317
0.07570 0.00370 -0.02316
-0.02059 0.00370 0.13225
-0.02268 0.00370 0.11648
0.09584 0.00370 0.08318
0.12788 0.00370 0.16597
0.02059 0.00370 0.11879
-0.04630 0.00370 0.12225
0.18332 0.00370 0.15369
0.20704 0.00370 -0.09232
0.02517 0.00370 0.12978
0.07890 0.00370 0.07971
0.04459 0.00370 0.14038
0.19717 0.00370 -0.14744
0.04169 0.00370 0.07359
0.07531 0.00370 0.07067
0.16597 0.00370 0.02232
0.17053 0.00370 0.16965
0.04840 0.00370 0.11442
0.01622 0.00370 0.16083
0.19265 0.00370 0.05937
0.18624 0.00370 0.14486
0.03315 0.00370 0.07896
0.11813 0.00370 0.16302
0.20139 0.00370 0.06127
0.20660 0.00370 0.05627
0.09065 0.00370 -0.04959
0.06061 0.00370 0.10560
0.20269 0.00370 0.11542
0.12735 0.00370 0.07658
0.06215 0.00370 -0.00759
-0.10580 0.00370 0.15385
0.19232 0.00370 0.16525
0.07314 0.00370 0.14347
0.19682 0.00370 0.16835
0.15678 0.00370 0.10207
0.13584 0.00370 -0.00636
0.20561 0.00370 -0.06009
0.20443 0.00370 -0.11665
-0.00984 0.00370 0.14226
0.19606 0.00370 0.01724
0.19634 0.00370 -0.14036
0.06322 0.00370 0.12482
0.11836 -0.10104 0.08027
0.14534 -0.25945 0.08027
0.12863 -0.31297 0.08027
0.12409 -0.27028 0.08027
0.19912 -0.09647 0.08027
0.10926 -0.10777 0.08027
0.16007 -0.07594 0.08027
0.10857 -0.11649 0.08027
0.12415 -0.21036 0.08027
0.12128 -0.22365 0.08027
0.15748 -0.08926 0.08027
0.14227 -0.26544 0.08027
0.15876 -0.16157 0.08027
0.14140 -0.08808 0.08027
0.19000 -0.09068 0.08027
0.18549 -0.12329 0.08027
0.17264 -0.13403 0.08027
0.12850 -0.21399 0.08027
0.13632 -0.10560 0.08027
-0.15806 0.40164 0.07314
-0.21031 0.39258 0.09229
0.03409 -0.07269 -0.09791
0.07310 -0.07269 -0.07864
-0.05359 -0.07269 -0.05733
0.10319 -0.07269 -0.09424
0.02396 -0.07269 -0.02976
-0.03372 -0.07269 -0.08845
0.01555 -0.07269 -0.06693
0.09124 -0.07269 -0.09316
-0.02394 -0.07269 -0.08290
0.10376 -0.07269 0.02266
-0.00231 -0.07269 -0.05828
0.09817 -0.07269 -0.08091
0.11992 -0.07269 -0.04729
0.17280 -0.07269 -0.04173
0.13397 -0.07269 0.00563
0.00536 -0.07269 -0.09414
0.10669 -0.07269 -0.00318
-0.02803 -0.07269 -0.07534
0.18379 -0.07269 -0.08082
0.00104 -0.07269 -0.08694
0.10389 -0.07269 -0.03135
0.11378 -0.07269 -0.05976
0.18578 -0.07269 -0.05883
0.08743 -0.07269 -0.06691
0.15178 -0.07269 -0.09566
0.04435 -0.07269 -0.06604
-0.02134 -0.07269 -0.05000
0.11464 -0.07269 -0.00974
0.19869 -0.07269 0.04287
0.10915 -0.07269 -0.06296
0.05669 -0.07269 -0.07672
0.06013 -0.07269 -0.04019
0.13311 -0.07269 -0.00546
0.11595 -0.07269 -0.08518
0.08566 -0.07269 -0.08482
0.06735 -0.07269 -0.06917
0.14720 -0.07269 -0.04336
0.12268 -0.07269 -0.04267
0.12553 -0.07269 0.03334
-0.21124 0.13692 -0.04393
-0.21124 0.35575 -0.16625
-0.21124 0.21972 0.02290
-0.21124 0.26789 0.07334
-0.21124 0.30355 0.11821
-0.21124 0.26921 0.09483
-0.21124 0.11397 -0.10468
-0.21124 0.23250 -0.02361
-0.21124 0.17486 -0.10457
-0.21124 0.26799 0.01308
-0.21124 0.10734 -0.07994
-0.21124 0.06600 -0.12291
-0.21124 0.23061 -0.15973
-0.21124 0.04483 -0.16474
-0.21124 0.26844 -0.07448
-0.21124 0.18877 0.01538
-0.21124 0.28479 0.05159
-0.21124 0.32784 0.05770
-0.21124 0.31282 -0.12453
-0.21124 0.23006 -0.12813
-0.21124 0.29653 -0.05148
-0.21124 0.19231 0.00068
-0.21124 0.26333 0.04896
-0.21124 0.19422 -0.02259
-0.21124 0.29131 -0.12646
-0.21124 0.31817 -0.01393
-0.21124 0.15593 -0.16706
-0.21124 0.10318 -0.11236
-0.21124 0.17528 -0.03765
-0.21124 0.28603 -0.16490
-0.21124 0.31361 -0.13192
-0.21124 0.19433 -0.00799
-0.21124 0.16418 -0.02456
-0.21124 0.21650 -0.00379
-0.21124 0.25474 -0.02228
-0.21124 0.12073 -0.10759
-0.21124 0.23502 -0.08172
-0.21124 0.27894 -0.09351
-0.21124 0.30625 -0.16884
-0.21124 0.30738 -0.06454
-0.21124 0.18011 -0.06417
-0.21124 0.25144 -0.15236
-0.21124 0.30378 -0.01496
-0.21124 0.29053 0.09378
-0.21124 0.31830 0.15369
-0.21124 0.26905 -0.00651
-0.21124 0.28056 -0.00315
-0.21124 0.28730 -0.10083
-0.21124 0.22169 0.03210
-0.21124 0.24952 -0.13342
-0.21124 0.24716 -0.02361
-0.21124 0.29735 0.06296
-0.21124 0.10016 -0.13296
-0.21124 0.06925 -0.13903
-0.21124 0.13360 -0.05187
-0.21124 0.30158 0.14663
-0.21124 0.28535 0.00081
-0.21124 0.14835 -0.08299
-0.21124 0.13698 -0.16038
-0.21124 0.16389 -0.10258
-0.21124 0.11397 -0.06208
-0.21124 0.19764 0.01145
-0.21124 0.31822 -0.05464
-0.21124 0.19421 -0.09851
-0.21124 0.16079 -0.05100
-0.21124 0.22711 -0.01256
-0.21124 0.24024 -0.06601
-0.21124 0.18946 -0.06772
-0.21124 0.29750 0.07014
-0.21124 0.22904 -0.15433
-0.21124 0.30410 0.04750
-0.21124 0.05336 -0.15725
0.12579 -0.24660 -0.10897
0.14920 -0.25935 -0.10897
0.12834 -0.20723 -0.10897
0.15955 -0.38109 -0.10897
0.11309 -0.33850 -0.10897
0.11045 -0.13198 -0.10897
0.13480 -0.18981 -0.10897
0.13595 -0.21800 -0.10897
0.15798 -0.25104 -0.10897
0.11314 -0.36459 -0.10897
0.16714 -0.27740 -0.10897
0.16816 -0.29191 -0.10897
0.14925 -0.40110 -0.10897
0.19062 -0.37467 -0.10897
0.18907 -0.38514 -0.10897
0.16575 -0.30056 -0.10897
0.12942 -0.22087 -0.10897
0.14180 -0.30690 -0.10897
0.14322 -0.36583 -0.10897
0.18170 -0.39744 -0.10897
0.11184 -0.32218 -0.10897
-0.12799 0.34561 0.15158
-0.12799 0.32675 0.16443
-0.12799 0.34541 0.14035
-0.12799 0.33016 0.12824
-0.12799 0.35052 0.01344
-0.20842 0.38975 -0.12796
-0.18981 0.37904 -0.14637
-0.13259 0.39896 -0.10913
-0.08183 -0.07269 -0.03615
0.08955 -0.07269 0.02837
-0.10639 -0.07269 -0.07154
0.04639 -0.07269 0.01310
-0.15428 -0.07269 -0.07659
-0.08950 -0.07269 -0.05533
-0.16486 -0.07269 -0.07831
-0.09697 -0.07269 -0.06146
-0.14830 -0.07269 -0.07366
-0.10144 -0.07269 -0.06440
-0.21124 0.39213 -0.06321
-0.21124 0.38911 0.04292
-0.13860 0.38307 -0.13944
-0.13448 0.38595 -0.13449
-0.21124 0.08625 0.02339
-0.21124 -0.00139 0.01179
-0.21124 0.28006 0.15296
-0.21124 0.24587 0.14975
-0.21124 -0.04356 0.05675
-0.21124 0.02035 0.11072
-0.21124 0.00565 0.10520
-0.21124 -0.03413 -0.06096
-0.21124 0.01246 0.05156
-0.21124 0.18179 0.08341
-0.21124 -0.06526 -0.00602
-0.21124 0.13550 0.11930
-0.21124 0.14245 0.12578
-0.21124 0.06485 0.06174
-0.21124 -0.01551 -0.00443
-0.21124 0.16798 0.08015
-0.21124 -0.05045 0.10257
-0.21124 0.03811 0.11138
-0.21124 -0.06709 0.09687
-0.21124 0.00508 -0.02035
-0.21124 0.17416 0.08286
-0.21124 0.01146 0.01235
-0.21124 -0.01251 -0.03524
-0.21124 -0.02652 0.08002
-0.21124 0.08941 0.09170
-0.21124 -0.03738 0.03366
-0.21124 0.06871 0.01589
-0.21124 0.03536 0.05613
-0.21124 0.26935 0.14184
-0.21124 0.07183 0.05668
-0.21124 -0.05307 0.03807
-0.21124 -0.02612 0.05868
-0.21124 -0.00037 -0.01862
-0.21124 0.03781 0.03225
-0.21124 0.07158 0.06224
-0.21124 -0.02463 0.09202
-0.21124 -0.05508 -0.00432
-0.21124 0.19783 0.13857
-0.21124 0.09325 0.04503
-0.21124 0.05187 0.09475
-0.21124 -0.02825 0.01834
-0.21124 -0.06502 -0.02502
-0.21124 0.17280 0.07223
-0.21124 0.12763 0.00009
-0.21124 0.16246 0.04575
-0.21124 0.27575 0.12733
-0.21124 0.03308 -0.12534
-0.21124 0.02791 -0.07889
-0.21124 0.19992 0.04443
-0.21124 0.06131 -0.00717
-0.21124 -0.02565 -0.13974
-0.21124 0.16570 0.00418
-0.21124 0.16074 0.01496
-0.21124 -0.04322 -0.07922
-0.21124 0.06913 -0.03329
-0.21124 0.17914 0.05529
-0.21124 0.05142 -0.02553
-0.21124 0.10309 -0.00076
-0.21124 0.10309 -0.03274
-0.21124 -0.00564 -0.07565
-0.21124 0.01023 -0.15121
-0.21124 0.00721 -0.09545
-0.21124 0.00361 -0.11266
-0.21124 -0.00149 -0.06142
-0.21124 0.03391 -0.07603
-0.21124 0.19021 0.08407
-0.21124 0.14876 0.03183
-0.21124 0.02681 -0.11935
-0.21124 0.07200 -0.04343
-0.21124 -0.00825 -0.04541
-0.21124 0.00037 -0.09312
-0.21124 0.08158 -0.06084
-0.21124 0.00471 -0.04554
-0.21124 0.12613 -0.01321
0.21124 -0.01401 0.03974
0.21124 -0.02091 -0.02065
0.21124 -0.01421 0.02687
0.21124 -0.03726 0.09056
0.21124 -0.00871 -0.04993
0.21124 -0.02420 -0.07859
0.21124 -0.01085 -0.00156
0.21124 -0.03534 0.11048
0.21124 -0.00492 0.03423
0.21124 -0.06131 0.07955
0.21124 -0.04691 0.06473
0.21124 -0.00194 -0.05488
0.21124 0.00332 0.13161
0.21124 -0.01902 0.11854
0.21124 -0.01533 0.12468
0.21124 -0.00751 -0.11408
0.10429 -0.41259 -0.12901
0.10429 -0.21092 -0.12197
0.10429 -0.13083 -0.11506
0.10429 -0.25907 -0.12440
0.10429 -0.37579 -0.11079
0.10429 -0.15335 -0.11414
0.10429 -0.24200 -0.12791
0.10429 -0.16240 -0.12202
0.10429 -0.34778 -0.11566
0.10429 -0.16991 -0.12091
0.10429 -0.39069 -0.16012
0.10429 -0.21736 -0.11049
0.10429 -0.37282 -0.12723
0.10429 -0.21393 -0.11724
-0.06089 -0.06191 -0.17307
-0.11769 -0.01102 -0.17307
0.08811 -0.06832 -0.17307
-0.12302 0.00167 -0.17307
-0.04648 -0.03832 -0.17307
-0.07150 -0.02343 -0.17307
-0.06527 -0.03623 -0.17307
-0.02995 -0.02920 -0.17307
-0.04336 -0.06598 -0.17307
-0.03005 -0.03751 -0.17307
0.21119 -0.34587 -0.10897
0.17278 -0.13378 -0.10897
0.18546 -0.20929 -0.10897
0.17708 -0.26676 -0.10897
0.21019 -0.29080 -0.10897
0.20257 -0.10197 -0.10897
0.17248 -0.14771 -0.10897
0.20416 -0.16404 -0.10897
0.11175 -0.09142 -0.10897
0.13761 -0.13911 -0.10897
0.15940 -0.18674 -0.10897
0.16539 -0.26899 -0.10897
0.20256 -0.13810 -0.10897
0.16587 -0.12764 -0.10897
0.16860 -0.08030 -0.10897
0.19596 -0.28819 -0.10897
0.17156 -0.25725 -0.10897
0.20147 -0.07444 -0.10897
-0.19357 0.37578 0.12004
-0.15344 0.38666 0.10345
-0.20653 0.12170 0.17307
-0.19615 0.25875 0.17307
-0.14270 0.27925 0.17307
-0.15293 0.28122 0.17307
-0.19315 0.08330 0.17307
-0.19392 0.05329 0.17307
-0.17710 0.21075 0.17307
-0.17796 0.30264 0.17307
-0.20188 -0.00232 0.17307
-0.19487 0.15185 0.17307
-0.18572 0.07246 0.17307
-0.20611 -0.01011 0.17307
-0.16655 0.18696 0.17307
-0.20686 0.07801 0.17307
-0.15399 0.21473 0.17307
-0.18518 0.22901 0.17307
-0.17458 0.29818 0.17307
0.20593 -0.01582 0.17307
0.07931 -0.04329 0.17307
0.18683 -0.04121 0.17307
-0.01246 -0.01337 0.17307
0.06620 -0.03184 0.17307
0.07560 -0.02296 0.17307
0.17137 -0.02331 0.17307
0.08532 -0.03525 0.17307
0.07012 -0.00495 0.17307
0.16589 -0.04036 0.17307
0.02048 -0.02452 0.17307
0.04423 -0.03370 0.17307
0.09120 -0.00095 0.17307
-0.01471 -0.00245 0.17307
0.12832 -0.03788 0.17307
0.20724 -0.05010 0.17307
-0.21124 -0.29663 -0.12274
-0.21124 -0.12243 -0.09846
-0.21124 -0.39379 -0.10623
-0.21124 -0.41376 -0.11445
-0.21124 -0.30336 -0.13917
-0.21124 -0.36037 -0.14150
-0.21124 -0.38090 -0.10538
-0.21124 -0.38136 -0.09040
-0.21124 -0.18157 -0.09675
-0.21124 -0.29558 -0.10179
-0.21124 -0.30609 -0.13227
-0.21124 -0.41796 -0.16538
-0.21124 -0.39126 -0.14813
-0.21124 -0.33267 -0.15058
-0.21124 -0.38622 -0.10985
-0.21124 -0.31706 -0.14106
-0.21124 -0.41343 -0.12331
0.21124 -0.05223 0.12890
0.21124 -0.07281 0.09061
0.21124 -0.06966 0.14071
0.21124 -0.04673 0.12927
0.21124 -0.02567 0.15748
0.20038 -0.18495 0.17307
0.18006 -0.32653 0.17307
0.13948 -0.36680 0.17307
0.14488 -0.33463 0.17307
0.18144 -0.40280 0.17307
0.19881 -0.21641 0.17307
0.14530 -0.41548 0.17307
0.20397 -0.31194 0.17307
0.16197 -0.35251 0.17307
0.20358 -0.36992 0.17307
0.19359 -0.27164 0.17307
0.19053 -0.15324 0.17307
0.18738 -0.30737 0.17307
0.21048 -0.40198 0.17307
0.20015 -0.37692 0.17307
0.15897 -0.35764 0.17307
0.18236 -0.37939 0.17307
0.18343 -0.28663 0.17307
0.16280 -0.39498 0.17307
0.17868 -0.34428 0.17307
0.19402 -0.31563 0.17307
0.17781 -0.30888 0.17307
0.21124 -0.16480 0.15061
0.21124 -0.10642 0.14193
0.21124 -0.13645 0.14893
0.21124 -0.13403 0.16472
0.21124 -0.18730 0.14160
0.21124 -0.25711 0.13941
0.21124 -0.15261 0.14191
0.21124 -0.21005 0.15978
0.21124 -0.07473 0.17138
0.21124 -0.27667 0.14271
0.21124 -0.28507 0.14861
0.21124 -0.07366 0.08079
0.21124 -0.30541 0.14780
0.21124 -0.08579 0.17285
0.21124 -0.39311 0.17021
0.21124 -0.08024 0.16507
0.21124 -0.14025 0.12571
0.21124 -0.32882 0.16516
-0.21124 -0.16551 0.13622
-0.21124 -0.32509 0.10325
-0.21124 -0.16940 0.14064
-0.21124 -0.15005 0.10483
-0.21124 -0.20196 0.11624
-0.21124 -0.14357 0.14878
-0.21124 -0.11062 0.13203
-0.21124 -0.12646 0.11540
-0.21124 -0.12154 0.11897
-0.21124 -0.12164 0.15345
-0.21124 -0.09705 0.11403
-0.21124 -0.21952 0.11291
-0.21124 -0.11549 0.10754
-0.21124 -0.25771 0.13461
-0.19038 0.41786 0.00795
-0.19935 0.41473 0.02675
-0.19663 0.40991 -0.07831
-0.21124 0.41317 0.02961
0.16936 -0.41883 -0.12806
0.15005 -0.41883 -0.11621
0.15409 -0.41883 -0.11078
0.10547 -0.41883 -0.11317
-0.21124 -0.10135 0.10610
-0.21124 -0.14805 0.12872
-0.21124 -0.11602 0.14707
-0.21124 -0.15434 0.12758
-0.21124 -0.13336 0.15072
-0.21124 -0.18981 0.14510
-0.21124 -0.24312 0.11541
-0.21124 -0.10459 0.13106
-0.21124 -0.10153 0.14882
-0.21124 -0.08774 0.12197
-0.21124 -0.12779 0.13577
-0.21124 -0.15810 0.11685
-0.21124 -0.19905 0.14645
-0.02279 0.00370 -0.03890
0.00583 0.00370 -0.08416
-0.11611 0.00370 -0.04617
0.12120 0.00370 -0.08327
0.06042 0.00370 -0.03719
-0.04698 0.00370 -0.06621
0.10584 0.00370 -0.16066
-0.08761 0.00370 -0.11777
-0.09204 0.00370 -0.15422
0.01531 0.00370 -0.11834
-0.08215 0.00370 0.01217
0.04527 0.00370 -0.00667
0.01577 0.00370 -0.06261
-0.06442 0.00370 -0.13373
-0.08298 0.00370 -0.06028
-0.06227 0.00370 -0.02196
-0.10732 0.00370 -0.14548
-0.05984 0.00370 0.06944
-0.03865 0.00370 -0.10707
-0.10389 0.00370 0.06697
0.00509 0.00370 -0.12606
-0.11636 0.00370 0.07896
-0.04451 0.00370 -0.05108
-0.07231 0.00370 -0.08735
0.08951 0.00370 -0.10100
-0.08288 0.00370 -0.08880
-0.07116 0.00370 0.03726
0.03682 0.00370 -0.01667
-0.11319 0.00370 0.00028
-0.12563 0.00370 0.12147
0.04140 0.00370 -0.15763
0.11555 0.00370 -0.16490
0.16359 0.00370 -0.17058
-0.00221 0.00370 -0.17106
-0.07794 0.00370 0.06090
0.01240 0.00370 -0.10202
0.09179 0.00370 -0.05528
0.03761 0.00370 -0.05959
0.08016 0.00370 -0.04263
-0.02284 0.00370 -0.15887
0.01296 0.00370 -0.14204
0.10929 0.00370 -0.17024
-0.02946 0.00370 -0.06436
0.11105 0.00370 -0.07734
0.15246 0.00370 -0.13412
0.11694 0.00370 -0.15639
0.08169 0.00370 -0.16403
0.11485 0.00370 -0.10933
0.08296 0.00370 -0.07296
0.05023 0.00370 -0.13596
-0.04621 0.00370 -0.11607
-0.05500 0.00370 -0.09596
0.00999 0.00370 -0.00795
-0.09427 0.00370 -0.06996
0.15429 0.00370 -0.14202
0.08866 0.00370 -0.12155
-0.12400 0.00370 -0.08562
-0.10732 0.00370 -0.11215
-0.07309 0.00370 -0.06284
-0.08666 0.00370 0.11715
0.04815 0.00370 -0.12547
-0.11955 0.00370 -0.02927
0.09392 0.00370 -0.13571
0.03172 0.00370 -0.14365
0.02403 0.00370 -0.15843
0.19350 0.00370 -0.16459
-0.12799 0.36285 0.01241
-0.12799 0.35547 0.07148
-0.12799 0.36022 -0.04095
-0.12799 0.36459 -0.01908
-0.15467 0.40959 -0.07955
0.16616 -0.41883 0.12346
0.20009 -0.41883 0.16115
0.13231 -0.41883 0.09588
0.18280 -0.41883 0.09120
0.19959 -0.41883 0.14608
0.12496 -0.41883 0.09055
-0.15400 0.41580 -0.05229
-0.20406 0.41763 -0.03592
0.21124 -0.15663 -0.17161
0.21124 -0.30197 -0.16076
0.21124 -0.39860 -0.13883
0.21124 -0.37586 -0.11640
0.21124 -0.23453 -0.15688
0.21124 -0.34290 -0.16701
0.21124 -0.13033 -0.16885
0.21124 -0.13562 -0.16398
0.21124 -0.39114 -0.16344
0.21124 -0.17765 -0.16643
0.21124 -0.41833 -0.14695
0.21124 -0.26145 -0.13934
0.21124 -0.29187 -0.14441
0.21124 -0.33057 -0.13174
0.21124 -0.39448 -0.15459
0.21124 -0.06309 -0.16355
0.05143 -0.04706 0.17307
0.00892 -0.03508 0.17307
-0.03478 -0.01867 0.17307
-0.06515 -0.01498 0.17307
0.08632 -0.05889 0.17307
-0.14579 -0.03192 0.17307
-0.20540 -0.07220 0.17307
-0.16225 -0.03190 0.17307
-0.17321 -0.06682 0.17307
-0.15840 -0.03793 0.17307
-0.20935 0.41552 -0.05480
-0.11042 -0.06738 0.17307
-0.11553 -0.06965 0.17307
-0.03605 -0.06722 0.17307
0.00598 -0.05494 0.17307
-0.04197 -0.02706 0.17307
-0.10307 -0.06452 0.17307
-0.08923 -0.03443 0.17307
-0.08200 -0.05577 0.17307
-0.02817 -0.06854 0.17307
-0.12202 -0.00362 0.17307
0.17327 -0.41883 -0.14731
0.18657 -0.41883 -0.15203
0.17631 -0.41883 -0.15962
0.16097 -0.41883 -0.16779
0.19432 -0.41883 -0.13056
0.09553 0.00370 0.16052
-0.00788 0.00370 0.10900
0.07606 0.00370 -0.02841
0.19697 0.00370 -0.03393
0.10482 0.00370 -0.02870
0.09290 0.00370 0.12987
0.16514 0.00370 -0.05123
0.05221 0.00370 0.07481
0.19645 0.00370 0.12073
-0.07719 0.00370 0.13441
0.19720 0.00370 -0.06309
-0.11333 0.00370 0.16679
0.17863 0.00370 0.15630
0.09496 0.00370 0.06495
0.07597 0.00370 0.05375
0.02375 0.00370 0.06906
0.06869 0.00370 0.02785
0.09696 0.00370 0.09108
0.12996 0.00370 -0.07331
0.15191 0.00370 0.07923
0.01575 0.00370 0.10577
0.13191 0.00370 0.15163
0.18565 0.00370 -0.11829
0.01267 0.00370 0.08077
0.06279 0.00370 0.08607
0.17328 0.00370 -0.11276
0.11565 0.00370 0.06914
0.16167 0.00370 -0.06229
0.07823 0.00370 0.09834
0.05129 0.00370 0.13812
0.10254 0.00370 -0.00973
0.18476 0.00370 0.06758
-0.06866 0.00370 0.11393
0.16290 0.00370 0.04815
0.18985 0.00370 -0.03110
0.20832 0.00370 -0.03905
0.11745 0.00370 0.14058
0.13132 0.00370 0.13680
0.17801 0.00370 0.05572
-0.05183 0.00370 0.10910
0.05816 0.00370 0.05233
-0.00791 0.00370 0.08039
0.17460 0.00370 -0.06916
0.04954 0.00370 0.05059
0.05678 0.00370 0.11096
0.09036 0.00370 0.12368
0.05326 0.00370 0.09017
0.17697 0.00370 0.09788
0.12529 0.00370 -0.03133
0.12171 0.00370 0.11794
0.10192 0.00370 0.05092
-0.05744 0.00370 0.12136
0.08911 0.00370 -0.00852
0.07021 0.00370 0.12123
0.01750 0.00370 0.05523
0.19251 0.00370 0.08492
0.10590 0.00370 0.00131
0.00261 0.00370 0.14207
-0.03654 0.00370 0.08479
0.03716 0.00370 0.15284
0.05182 0.00370 0.16427
-0.21124 -0.37972 0.14001
-0.21124 -0.36837 0.12508
-0.21124 -0.18545 0.16842
-0.21124 -0.37991 0.17099
-0.21124 -0.39288 0.15015
-0.21124 -0.15134 0.16169
-0.21124 -0.27999 0.17036
-0.21124 -0.29149 0.16007
-0.21124 -0.41214 0.12314
-0.21124 -0.14090 0.16882
-0.21124 -0.37699 0.11625
-0.21124 -0.32122 0.16294
-0.21124 -0.27506 0.13345
-0.21124 0.11475 0.14735
-0.21124 -0.04777 0.15448
-0.21124 0.21676 0.16643
-0.21124 -0.06804 0.11450
-0.21124 -0.02815 0.14301
-0.21124 0.12976 0.14135
-0.21124 -0.05780 0.15130
-0.21124 -0.00597 0.15165
-0.21124 0.14827 0.16820
-0.21124 0.02619 0.14986
-0.21124 0.06376 0.16263
-0.21124 0.21067 0.15954
-0.21124 -0.00442 0.11757
-0.21124 0.04537 0.14485
-0.21124 -0.01110 0.14791
-0.21124 0.05257 0.14340
-0.21124 0.10094 0.15701
-0.19984 -0.23452 -0.08657
-0.18330 -0.33100 -0.08657
-0.14377 -0.38341 -0.08657
-0.18281 -0.25584 -0.08657
-0.20446 -0.28555 -0.08657
-0.19649 -0.20023 -0.08657
-0.12506 -0.38911 -0.08657
-0.17959 -0.40729 -0.08657
-0.15297 -0.40666 -0.08657
-0.21068 -0.19484 -0.08657
-0.20022 -0.14751 -0.08657
-0.20583 -0.27150 -0.08657
-0.20527 -0.35525 -0.08657
-0.16553 -0.33111 -0.08657
-0.13926 -0.39303 -0.08657
-0.18304 -0.40109 -0.08657
-0.15409 -0.28770 -0.08657
-0.18194 -0.23428 -0.08657
-0.20227 -0.41025 -0.08657
-0.21124 0.41600 -0.04193
-0.21124 0.12581 0.07327
-0.21124 0.00842 -0.00465
-0.21124 -0.03027 0.06633
-0.21124 -0.01209 0.09385
-0.21124 0.09626 0.11829
-0.21124 -0.01756 0.04020
-0.21124 -0.05838 0.02020
-0.21124 0.21786 0.13486
-0.21124 -0.07020 -0.07064
-0.21124 0.08577 0.12548
-0.21124 0.30895 0.16625
-0.21124 0.10499 0.12985
-0.21124 0.06808 0.08841
-0.21124 0.11886 0.07817
-0.21124 -0.00765 0.05180
-0.21124 0.04615 0.07310
-0.21124 -0.04983 0.04328
-0.21124 0.20238 0.10075
-0.21124 -0.05362 0.09044
-0.21124 0.04155 0.06832
-0.21124 0.07597 0.07115
-0.21124 -0.06820 0.05205
-0.21124 0.17953 0.08823
-0.21124 0.00239 0.00150
-0.21124 0.11262 0.12718
-0.21124 0.06993 0.12458
-0.21124 0.17201 0.13285
-0.21124 0.17741 0.12165
-0.21124 0.15113 0.10854
-0.21124 0.10213 0.04538
-0.21124 -0.05387 0.07841
-0.21124 0.02966 0.05529
-0.21124 -0.02816 0.02813
-0.21124 0.11228 0.08891
-0.21124 -0.05886 -0.02613
-0.21124 0.14298 0.07093
-0.21124 0.12055 0.09227
-0.21124 0.28737 0.15033
-0.21124 0.03613 0.07642
-0.21124 0.15823 0.13010
-0.21124 0.14135 0.05846
-0.21124 0.11899 0.08516
-0.21124 0.13463 0.08711
0.14833 -0.41883 0.15905
0.12821 -0.41883 0.16486
0.10787 -0.41883 0.10912
0.16274 -0.41883 0.15361
0.11263 -0.41883 0.09731
0.16592 -0.41883 0.14891
-0.15247 0.41704 -0.04116
-0.17906 0.41823 -0.03064
0.20195 -0.34396 0.08027
0.13740 -0.34983 0.08027
0.16066 -0.32467 0.08027
0.16344 -0.40408 0.08027
0.17038 -0.23219 0.08027
0.16389 -0.34521 0.08027
0.14991 -0.32462 0.08027
0.17064 -0.38437 0.08027
0.20996 -0.23142 0.08027
0.20236 -0.16329 0.08027
0.12087 -0.37987 0.08027
0.15550 -0.35657 0.08027
0.14900 -0.28609 0.08027
0.16696 -0.35564 0.08027
0.18594 -0.32660 0.08027
0.18213 -0.17701 0.08027
0.17667 -0.24722 0.08027
0.18608 -0.15959 0.08027
0.19789 -0.21615 0.08027
0.12847 -0.37724 0.08027
0.18165 -0.32067 0.08027
-0.21124 -0.24853 -0.17220
-0.21124 -0.13565 -0.13900
-0.21124 -0.31489 -0.14766
-0.21124 -0.36755 -0.17258
-0.21124 -0.08392 -0.10433
-0.21124 -0.38030 -0.16714
-0.21124 -0.22704 -0.17111
-0.21124 -0.30318 -0.14882
-0.21124 -0.05344 -0.16408
-0.21124 -0.06139 -0.15193
-0.21124 -0.04539 -0.13590
-0.21124 -0.12471 -0.13751
-0.21124 -0.29600 -0.17272
-0.21124 -0.07794 -0.17023
-0.21124 -0.19106 -0.15590
-0.21124 -0.24170 -0.14951
-0.21124 -0.05373 -0.13619
-0.21124 -0.06169 -0.14514
-0.21124 -0.31755 -0.16991
-0.21124 -0.16878 -0.15370
0.04266 -0.07269 0.08462
-0.10326 -0.07269 -0.01018
-0.04923 -0.07269 0.06959
-0.12353 -0.07269 -0.00113
-0.07055 -0.07269 0.02064
0.04377 -0.07269 0.07204
-0.00884 -0.07269 0.06398
-0.10536 -0.07269 0.07783
-0.08993 -0.07269 -0.02024
-0.05306 -0.07269 0.02866
0.02171 -0.07269 0.03680
-0.10704 -0.07269 0.05276
-0.07809 -0.07269 0.00996
-0.13449 -0.07269 -0.00706
-0.00766 -0.07269 0.04814
-0.03912 -0.07269 0.05166
-0.11906 -0.07269 0.08933
-0.02472 -0.07269 0.08341
-0.13645 -0.07269 -0.01697
-0.14477 -0.07269 0.01473
-0.17876 -0.07269 -0.06512
-0.12697 -0.07269 -0.03561
-0.13744 -0.07269 0.00558
-0.08084 -0.07269 0.06010
0.06331 -0.07269 0.08227
0.01868 -0.07269 0.05737
-0.15679 0.33118 0.16769
-0.12799 0.38244 -0.01640
-0.12799 0.37534 -0.00952
-0.12799 0.37417 0.09424
-0.20005 0.41832 -0.00608
-0.15960 0.41862 -0.01737
-0.21124 0.39885 0.04183
-0.21124 0.39413 0.03067
-0.20493 -0.35184 0.10273
-0.19540 -0.10979 0.10273
-0.17743 -0.18292 0.10273
-0.20763 -0.38951 0.10273
-0.19677 -0.32465 0.10273
-0.17756 -0.19252 0.10273
-0.20353 -0.14550 0.10273
-0.15721 -0.20530 0.10273
-0.14541 -0.15634 0.10273
-0.19509 -0.13290 0.10273
-0.16075 -0.15811 0.10273
-0.14089 -0.11259 0.10273
-0.16588 -0.13065 0.10273
-0.19936 -0.32934 0.10273
-0.18186 -0.21485 0.10273
-0.18059 -0.16987 0.10273
-0.19304 -0.32053 0.10273
-0.20728 -0.37664 0.10273
-0.15546 -0.07269 0.07562
-0.20857 -0.07269 0.02906
-0.19586 -0.07269 0.02989
-0.14626 -0.07269 0.07988
-0.16853 -0.07269 0.08791
-0.16917 -0.07269 0.00577
-0.17305 -0.07269 0.05205
-0.18010 -0.07269 0.04309
-0.20574 -0.07269 -0.04361
-0.19492 -0.07269 0.06322
-0.12799 0.40320 -0.02065
-0.12799 0.38749 0.03257
-0.12799 0.39044 -0.09978
0.06454 -0.06373 0.17307
-0.09581 -0.02464 0.17307
-0.04661 -0.03794 0.17307
-0.07644 -0.04229 0.17307
-0.09755 -0.05451 0.17307
-0.11171 -0.00406 0.17307
-0.11998 -0.03068 0.17307
-0.03837 -0.05199 0.17307
-0.16659 -0.23183 -0.08657
-0.16077 -0.13365 -0.08657
-0.19617 -0.08973 -0.08657
-0.12624 -0.18046 -0.08657
-0.12018 -0.33684 -0.08657
-0.16873 -0.18969 -0.08657
-0.13761 -0.16179 -0.08657
-0.12998 -0.10721 -0.08657
-0.15920 -0.11438 -0.08657
-0.16999 -0.12322 -0.08657
-0.14120 -0.30858 -0.08657
-0.12482 -0.16474 -0.08657
-0.14967 -0.21677 -0.08657
-0.16201 -0.18062 -0.08657
-0.16295 -0.07730 -0.08657
-0.18961 -0.13687 -0.08657
-0.13597 -0.31174 -0.08657
-0.15853 -0.22073 -0.08657
-0.20182 -0.08220 -0.08657
-0.12176 -0.30568 -0.08657
0.12295 -0.07269 0.07954
-0.14619 -0.07269 -0.05390
0.15945 -0.07269 0.06360
-0.04085 -0.07269 -0.01449
0.09172 -0.07269 0.06577
-0.01508 -0.07269 0.00489
0.09981 -0.07269 0.04523
-0.10009 -0.07269 -0.04108
0.04991 -0.07269 0.02474
-0.13931 0.40712 0.05697
-0.13895 0.40385 0.06742
-0.11524 -0.28230 0.15496
-0.11524 -0.21320 0.15438
-0.11524 -0.07439 0.16259
-0.11524 -0.27173 0.17238
-0.11524 -0.07790 0.14827
-0.11524 -0.11471 0.15512
-0.11524 -0.22018 0.13335
-0.11524 -0.14960 0.15494
-0.11524 -0.20179 0.13599
-0.11524 -0.12893 0.15697
-0.11524 -0.14753 0.16951
-0.11524 -0.32182 0.15493
-0.11524 -0.17449 0.13461
-0.11524 -0.29061 0.16955
-0.11524 -0.22354 0.14961
-0.14686 0.23228 0.17307
-0.13387 0.29101 0.17307
-0.13166 0.25189 0.17307
-0.18873 0.00640 0.17307
-0.19312 -0.01999 0.17307
-0.15328 0.18091 0.17307
-0.13566 -0.00212 0.17307
-0.13681 0.26825 0.17307
-0.14159 0.18494 0.17307
-0.17797 -0.03850 0.17307
-0.13053 0.25790 0.17307
-0.13204 0.06913 0.17307
-0.14120 0.21698 0.17307
-0.17427 0.02805 0.17307
-0.17658 -0.01237 0.17307
-0.17296 0.05231 0.17307
0.21124 -0.06481 -0.10621
0.21124 -0.06517 -0.00439
0.21124 -0.03201 -0.08096
0.21124 -0.01724 -0.10892
0.21124 -0.03157 -0.05686
0.21124 -0.02559 -0.13320
0.21124 -0.06082 -0.03849
0.21124 -0.05452 -0.00087
0.21124 -0.02231 -0.11079
0.08266 -0.07269 0.06785
0.05460 -0.07269 0.05368
-0.03566 -0.07269 -0.01619
-0.02581 -0.07269 -0.00115
-0.05892 -0.07269 -0.00903
0.10781 -0.07269 0.05801
0.00311 -0.07269 0.02145
0.10686 -0.07269 0.04018
0.11408 -0.07269 0.06599
0.18996 -0.07269 0.07526
-0.03022 -0.07269 -0.15762
0.03753 -0.07269 -0.15346
0.10241 -0.07269 -0.11584
0.05619 -0.07269 -0.13560
0.08784 -0.07269 -0.12173
-0.06916 -0.07269 -0.15985
0.07064 -0.07269 -0.16834
0.09425 -0.07269 -0.13256
0.06294 -0.03483 -0.17307
0.07826 -0.03686 -0.17307
0.13368 -0.04176 -0.17307
-0.04845 -0.01771 -0.17307
0.04010 -0.04236 -0.17307
0.11246 -0.01883 -0.17307
0.07191 -0.00289 -0.17307
-0.02689 -0.00456 -0.17307
-0.05397 -0.00534 -0.17307
0.20279 0.00046 -0.17307
-0.01166 -0.03031 -0.17307
0.09873 -0.02052 -0.17307
0.12920 -0.02450 -0.17307
0.04320 -0.04952 -0.17307
-0.17563 0.41877 -0.02282
-0.19574 0.36424 0.13503
-0.17952 0.36303 0.13641
-0.15111 0.15463 0.17307
-0.16777 0.09024 0.17307
-0.13173 0.14235 0.17307
-0.17296 0.07508 0.17307
-0.18491 -0.02053 0.17307
-0.16341 -0.01852 0.17307
-0.15062 -0.01425 0.17307
-0.17095 -0.00762 0.17307
-0.19319 -0.03133 0.17307
-0.16066 0.12851 0.17307
-0.15270 0.00564 0.17307
-0.13007 0.27212 0.17307
-0.14153 0.10106 0.17307
0.21124 -0.00048 0.15690
0.21124 -0.03971 -0.02737
0.21124 -0.02207 0.13947
0.21124 -0.01354 -0.09997
0.21124 -0.01286 -0.01688
0.21124 -0.00813 -0.10228
0.21124 -0.03262 0.07986
0.21124 -0.02160 0.02576
0.21124 -0.02132 0.05731
0.21124 -0.02165 0.06741
0.21124 -0.04933 0.07396
0.21124 -0.02452 0.11113
0.21124 -0.00832 -0.12753
0.21124 -0.00604 -0.08950
0.21124 -0.00681 -0.07926
-0.19616 -0.19917 0.17307
-0.19706 -0.25344 0.17307
-0.16262 -0.22999 0.17307
-0.19857 -0.37257 0.17307
-0.20825 -0.22638 0.17307
-0.19229 -0.30968 0.17307
-0.20013 -0.26105 0.17307
-0.19218 -0.13120 0.17307
-0.20686 -0.13718 0.17307
-0.16025 -0.13842 0.17307
-0.20807 -0.08386 0.17307
-0.19643 -0.24112 0.17307
-0.20713 -0.30140 0.17307
-0.17575 -0.16142 0.17307
-0.19770 -0.07413 0.17307
-0.20305 -0.19180 0.17307
-0.16278 -0.09031 0.17307
-0.15467 -0.08152 0.17307
-0.17975 0.41500 -0.05837
-0.21124 0.36842 -0.00803
-0.21124 0.36821 -0.04871
-0.21124 0.37043 0.01633
0.17954 -0.12860 -0.17307
0.18892 -0.36552 -0.17307
0.14541 -0.32841 -0.17307
0.19145 -0.38443 -0.17307
0.19045 -0.41490 -0.17307
0.17161 -0.27521 -0.17307
0.20879 -0.12119 -0.17307
0.20702 -0.21604 -0.17307
0.18706 -0.34205 -0.17307
0.19074 -0.30147 -0.17307
0.16869 -0.35721 -0.17307
0.20790 -0.27738 -0.17307
0.18332 -0.14591 -0.17307
0.14180 -0.28406 -0.17307
0.17002 -0.16171 -0.17307
0.14325 -0.30717 -0.17307
0.17907 -0.36033 -0.17307
0.14991 -0.40498 -0.17307
0.17478 -0.39902 -0.17307
0.19753 -0.28586 -0.17307
0.11749 -0.38671 -0.17307
0.15905 -0.26632 -0.17307
0.16917 -0.22998 -0.17307
0.15724 -0.30506 -0.17307
0.18049 -0.23215 -0.17307
0.17060 -0.40220 -0.17307
0.13362 -0.34028 -0.17307
0.12803 -0.39479 -0.17307
-0.18406 -0.30076 -0.17307
-0.13004 -0.10304 -0.17307
-0.13386 -0.10890 -0.17307
-0.17721 -0.26129 -0.17307
-0.14211 -0.11142 -0.17307
-0.17531 -0.27409 -0.17307
-0.15288 -0.41636 0.10273
-0.15458 -0.30312 0.10273
-0.12503 -0.33556 0.10273
-0.19012 -0.39229 0.10273
-0.15741 -0.24763 0.10273
-0.12503 -0.34449 0.10273
-0.18129 -0.36377 0.10273
-0.12860 -0.28259 0.10273
-0.14859 -0.34675 0.10273
-0.19695 -0.36857 0.10273
-0.13208 -0.16292 0.10273
-0.12407 -0.16412 0.10273
-0.16348 -0.28809 0.10273
-0.14094 -0.25838 0.10273
-0.13347 -0.38490 0.10273
-0.15418 -0.38882 0.10273
-0.15028 -0.35428 0.10273
-0.18847 -0.41683 0.10273
-0.12834 -0.18999 0.10273
-0.14908 -0.25704 0.10273
0.21124 -0.29906 0.13671
0.21124 -0.34312 0.08488
0.21124 -0.33501 0.11128
0.21124 -0.18912 0.08104
0.21124 -0.13359 0.08767
0.21124 -0.27480 0.11944
0.21124 -0.33712 0.08664
0.21124 -0.36514 0.11800
0.21124 -0.26389 0.11138
0.21124 -0.31209 0.11400
0.21124 -0.15110 0.08100
0.21124 -0.32654 0.10451
0.21124 -0.37839 0.08500
0.21124 -0.40366 0.13687
0.21124 -0.29117 0.11750
0.21124 -0.26885 0.12111
-0.21124 0.41172 -0.06641
0.02778 -0.07269 0.14093
0.06576 -0.07269 0.13409
-0.04341 -0.07269 0.10349
0.09644 -0.07269 0.15661
0.06262 -0.07269 0.12195
-0.07780 -0.07269 0.11291
0.04877 -0.07269 0.09410
0.07101 -0.07269 0.16093
-0.07387 -0.07269 0.10851
-0.04007 -0.07269 0.10793
0.03529 -0.07269 0.09018
0.20644 -0.12313 0.17307
0.20006 -0.19318 0.17307
0.15194 -0.31839 0.17307
0.11101 -0.40009 0.17307
0.19710 -0.24760 0.17307
0.19696 -0.13514 0.17307
0.21093 -0.18315 0.17307
0.14976 -0.36390 0.17307
0.20815 -0.11268 0.17307
0.19248 -0.38012 0.17307
0.12563 -0.38653 0.17307
0.18734 -0.37282 0.17307
0.11027 -0.41215 0.17307
0.13715 -0.34543 0.17307
0.16840 -0.26778 0.17307
0.18403 -0.35052 0.17307
0.19035 -0.26118 0.17307
0.19372 -0.40195 0.17307
0.17769 -0.27821 0.17307
0.18262 -0.39231 0.17307
0.20934 -0.26061 0.17307
-0.19655 -0.41883 -0.11451
-0.17464 -0.41883 -0.09750
-0.19756 -0.41883 -0.08977
-0.20758 -0.41883 -0.11932
-0.14177 -0.41883 -0.09836
0.07780 -0.05372 0.17307
0.04438 -0.04685 0.17307
0.07281 -0.06055 0.17307
0.02508 -0.03802 0.17307
-0.00133 -0.03686 0.17307
-0.12799 0.40692 0.05094
-0.12799 0.35527 -0.10228
-0.12799 0.34571 0.09898
-0.12799 0.33753 0.04883
-0.12799 0.34236 0.10618
-0.10537 -0.07269 -0.05529
-0.17779 -0.07269 -0.07805
-0.07588 -0.07269 -0.06100
0.10744 -0.07269 0.03229
0.06912 -0.07269 0.01693
-0.17949 -0.07269 -0.08440
-0.11524 -0.38376 -0.11735
-0.11524 -0.30255 -0.11595
-0.11524 -0.26589 -0.15393
-0.11524 -0.39219 -0.16311
-0.11524 -0.41115 -0.13639
-0.11524 -0.19183 -0.14997
-0.11524 -0.33463 -0.11733
-0.11524 -0.30200 -0.13629
-0.11524 -0.10938 -0.16794
-0.11524 -0.40844 -0.10827
-0.11524 -0.29361 -0.14275
-0.11524 -0.37658 -0.17223
-0.11524 -0.31033 -0.11501
-0.11524 -0.27241 -0.12737
-0.11524 -0.16636 -0.15526
-0.11524 -0.24596 -0.15206
-0.11524 -0.39993 -0.12224
-0.11524 -0.35541 -0.11244
-0.11524 -0.26027 -0.13650
0.20226 -0.07269 0.03317
0.13104 -0.07269 -0.07203
0.21005 -0.07269 -0.07891
0.15832 -0.07269 -0.09150
0.19405 -0.07269 -0.02320
0.04193 -0.07269 -0.01389
0.16598 -0.07269 -0.03126
0.09261 -0.07269 -0.08589
0.02937 -0.07269 -0.04181
-0.01988 -0.07269 -0.09286
0.05214 -0.07269 -0.01895
0.10843 -0.07269 0.01823
0.11813 -0.07269 0.00658
0.12464 -0.07269 -0.06295
0.11802 -0.07269 0.02765
0.06665 -0.07269 -0.00453
0.17205 -0.07269 0.04887
-0.02826 -0.07269 -0.05465
0.12731 -0.07269 -0.08303
0.18225 -0.07269 0.02267
0.20297 -0.07269 -0.04273
0.14694 -0.07269 -0.10213
0.14234 -0.07269 0.00806
0.15250 -0.07269 -0.00751
0.14741 -0.07269 -0.07060
0.09183 -0.07269 -0.07009
0.13772 -0.07269 -0.05742
0.20269 -0.07269 -0.07084
0.18418 -0.07269 0.04773
0.20203 -0.07269 -0.09468
0.20972 -0.07269 0.05724
-0.17298 0.38558 -0.13513
-0.19702 0.40599 0.06059
-0.12799 0.41623 -0.00957
0.15400 -0.40510 0.08027
0.21079 -0.26225 0.08027
0.20121 -0.25867 0.08027
0.16339 -0.31211 0.08027
0.18611 -0.24765 0.08027
0.19379 -0.23768 0.08027
0.20152 -0.38371 0.08027
0.19112 -0.35074 0.08027
0.19777 -0.36735 0.08027
0.20283 -0.21172 0.08027
0.21040 -0.12318 0.08027
0.19263 -0.15507 0.08027
0.18922 -0.38301 0.08027
0.19793 -0.12559 0.08027
0.18672 -0.23028 0.08027
0.15070 -0.34021 0.08027
0.20591 -0.30157 0.08027
0.20845 -0.39532 0.08027
0.19689 -0.19241 0.08027
0.21124 -0.03258 -0.10376
0.21124 -0.05546 -0.10957
0.21124 -0.01679 -0.12654
0.21124 -0.07068 -0.10257
0.21124 -0.03536 -0.09495
0.21124 -0.03014 -0.06752
0.21124 -0.04994 -0.02632
0.21124 -0.05117 -0.07961
-0.08187 -0.03311 -0.17307
0.00849 -0.04458 -0.17307
-0.07654 -0.06178 -0.17307
-0.01897 -0.04921 -0.17307
0.07919 -0.06879 -0.17307
-0.10264 -0.02000 -0.17307
-0.08998 -0.03633 -0.17307
-0.04866 -0.04471 -0.17307
-0.09047 -0.04733 -0.17307
0.00539 -0.06007 -0.17307
-0.21124 0.31020 0.13760
-0.21124 0.26161 -0.15833
-0.21124 0.27958 -0.13606
-0.21124 0.19854 -0.03602
-0.21124 0.28053 0.06947
-0.21124 0.22634 -0.00063
-0.21124 0.27506 -0.00231
-0.21124 0.32748 0.08957
-0.21124 0.32903 -0.05039
-0.21124 0.24857 0.00625
-0.21124 0.32184 -0.12583
-0.21124 0.29282 0.11386
-0.21124 0.23969 0.06849
-0.21124 0.13400 -0.03356
-0.21124 0.28557 -0.01254
-0.21124 0.35256 -0.12072
-0.21124 0.20986 -0.02731
-0.21124 0.27176 0.11483
-0.21124 0.33016 0.02628
-0.21124 0.25994 0.10160
-0.21124 0.07373 -0.12052
-0.21124 0.26173 -0.15000
-0.21124 0.24201 -0.13403
-0.21124 0.18487 -0.12422
-0.21124 0.14708 -0.14611
-0.21124 0.09229 -0.11653
-0.21124 0.20924 -0.11246
-0.21124 0.25755 -0.14187
-0.21124 0.23940 -0.08624
-0.21124 0.26953 -0.13003
-0.21124 0.12982 -0.10161
-0.21124 0.18341 -0.09824
-0.21124 0.28303 -0.08861
-0.21124 0.09254 -0.09634
-0.21124 0.24157 -0.11529
-0.21124 0.29300 0.13375
-0.21124 0.06923 -0.15480
-0.21124 0.22677 -0.02002
-0.21124 0.28328 -0.02478
-0.21124 0.08293 -0.12062
-0.21124 0.30777 -0.03169
-0.21124 0.26223 -0.13197
-0.21124 0.21885 -0.15705
-0.21124 0.29810 0.03938
-0.21124 0.29561 -0.13592
-0.21124 0.09235 -0.13561
-0.21124 0.31946 0.12952
-0.21124 0.13181 -0.10780
-0.21124 0.07694 -0.15326
-0.21124 0.32617 -0.08675
-0.21124 0.20220 0.02721
-0.21124 0.06338 -0.13659
-0.21124 0.32296 0.08292
-0.21124 0.28166 0.11989
-0.21124 0.23148 0.01990
-0.21124 0.18705 -0.08743
-0.21124 0.20562 -0.04048
-0.21124 0.12270 -0.07047
0.02732 0.00370 -0.13246
-0.02026 0.00370 0.00504
-0.08966 0.00370 0.02561
-0.05664 0.00370 0.02618
0.10237 0.00370 -0.06607
0.05915 0.00370 -0.02702
0.08426 0.00370 -0.11173
-0.06395 0.00370 -0.07751
-0.05144 0.00370 -0.08443
-0.06510 0.00370 -0.16394
0.04175 0.00370 -0.13207
-0.01538 0.00370 -0.11812
-0.06625 0.00370 0.09863
0.01127 0.00370 -0.12984
-0.00996 0.00370 0.04079
-0.11123 0.00370 0.02272
-0.07220 0.00370 -0.02880
0.10783 0.00370 -0.13791
0.14093 0.00370 -0.12745
0.02074 0.00370 -0.10160
-0.03402 0.00370 -0.06031
0.07646 0.00370 -0.05248
-0.02064 0.00370 -0.02801
-0.04522 0.00370 -0.01793
-0.00813 0.00370 0.03163
-0.07793 0.00370 0.02209
-0.12326 0.00370 -0.04254
-0.11517 0.00370 0.05613
-0.10949 0.00370 -0.02550
-0.00218 0.00370 -0.14934
0.12853 0.00370 -0.10590
-0.12516 0.00370 -0.02727
-0.05576 0.00370 0.09456
0.13413 0.00370 -0.16936
0.12061 0.00370 -0.12162
0.19529 0.00370 -0.15800
-0.09924 0.00370 -0.00017
0.03143 0.00370 0.00582
0.01373 0.00370 -0.05513
-0.01915 0.00370 -0.01684
0.10392 0.00370 -0.13239
-0.11462 0.00370 -0.15178
-0.12596 0.00370 0.00560
-0.08080 0.00370 0.09244
0.04580 0.00370 -0.05470
-0.09381 0.00370 0.03189
-0.02321 0.00370 -0.12197
-0.11859 0.00370 0.03935
-0.05946 0.00370 -0.15837
0.00733 0.00370 -0.04005
0.09516 0.00370 -0.09933
-0.10063 0.00370 -0.10305
-0.04695 0.00370 -0.07732
-0.02834 0.00370 -0.04256
0.05144 0.00370 -0.04404
0.11242 0.00370 -0.12949
0.11776 0.00370 -0.11559
0.02195 0.00370 -0.07281
-0.03265 0.00370 -0.14634
-0.12091 0.00370 0.01631
0.11938 -0.21286 0.17307
0.11266 -0.33908 0.17307
0.12974 -0.19014 0.17307
0.12704 -0.16545 0.17307
0.11312 -0.22078 0.17307
0.10691 -0.12179 0.17307
0.11794 -0.22646 0.17307
0.14154 -0.14749 0.17307
0.12161 -0.32291 0.17307
0.10778 -0.18845 0.17307
0.12016 -0.20220 0.17307
0.14742 -0.16409 0.17307
0.11878 -0.29706 0.17307
0.18472 -0.08190 0.17307
0.13785 -0.12957 0.17307
0.13061 -0.15171 0.17307
0.12519 -0.34560 0.17307
0.11328 -0.33286 0.17307
0.11719 -0.18399 0.17307
0.13801 -0.30071 0.17307
0.10942 -0.09578 0.17307
0.12632 -0.11823 0.17307
-0.17027 0.32512 0.17293
-0.12799 0.39906 0.04628
-0.12799 0.39209 0.07833
0.03947 -0.01795 0.17307
0.20103 -0.02889 0.17307
0.08335 -0.01542 0.17307
0.12302 -0.04842 0.17307
0.10268 -0.00785 0.17307
0.13753 -0.03374 0.17307
-0.09383 0.00146 0.17307
0.19549 -0.01514 0.17307
0.13828 -0.00694 0.17307
0.03133 -0.02852 0.17307
-0.01966 0.00108 0.17307
0.12466 -0.04323 0.17307
0.11687 -0.00714 0.17307
0.18387 -0.02103 0.17307
0.14583 -0.04769 0.17307
0.15363 -0.02101 0.17307
-0.18495 -0.01319 -0.17307
-0.19763 -0.30951 -0.17307
-0.15447 -0.10486 -0.17307
-0.20271 -0.19704 -0.17307
-0.19236 -0.31122 -0.17307
-0.20342 -0.37164 -0.17307
-0.19794 -0.26777 -0.17307
-0.21015 -0.16218 -0.17307
-0.19225 -0.24969 -0.17307
-0.15716 -0.02953 -0.17307
-0.20290 -0.29259 -0.17307
-0.13427 -0.02382 -0.17307
-0.18806 -0.11131 -0.17307
-0.18090 -0.11324 -0.17307
-0.18510 -0.06988 -0.17307
-0.19486 -0.17094 -0.17307
-0.20964 -0.02024 -0.17307
-0.16717 -0.11496 -0.17307
-0.20154 -0.00172 -0.17307
-0.18020 -0.16430 -0.17307
-0.00689 -0.07390 0.17307
-0.15223 -0.41883 0.14563
-0.16145 -0.41883 0.13650
-0.13978 -0.41883 0.15100
-0.16812 -0.41883 0.12128
0.12446 -0.29029 -0.17307
0.15763 -0.06854 -0.17307
0.12382 -0.14386 -0.17307
0.15287 -0.05168 -0.17307
0.19169 -0.06490 -0.17307
0.13615 -0.26315 -0.17307
0.14460 -0.04882 -0.17307
0.10678 -0.08829 -0.17307
0.16788 -0.12720 -0.17307
0.14714 -0.09160 -0.17307
0.17057 -0.09195 -0.17307
0.14097 -0.07686 -0.17307
0.13217 -0.06196 -0.17307
0.16416 -0.03135 -0.17307
0.18085 -0.05950 -0.17307
0.12125 -0.32443 -0.17307
0.14429 -0.17460 -0.17307
0.10926 -0.34740 -0.17307
0.15565 -0.17482 -0.17307
0.10587 -0.29937 -0.17307
0.14544 -0.24049 -0.17307
-0.12799 0.36665 -0.08509
-0.12799 0.36561 -0.12760
-0.12799 0.37219 -0.12509
-0.12799 0.37386 -0.15111
-0.13366 -0.41883 -0.14635
-0.16809 -0.41883 -0.15859
-0.15774 -0.41883 -0.16752
-0.11966 -0.41883 -0.13996
-0.14421 -0.41883 -0.12598
-0.12799 0.04346 -0.08991
-0.12799 0.13936 -0.14038
-0.12799 0.08149 -0.15842
-0.12799 0.15456 -0.06332
-0.12799 0.06919 -0.08928
-0.12799 0.01079 0.04659
-0.12799 0.21823 -0.16853
-0.12799 0.10383 -0.01955
-0.12799 0.02431 -0.01388
-0.12799 0.04888 0.03516
-0.12799 0.14692 -0.15890
-0.12799 0.05775 0.10286
-0.12799 0.29472 -0.12616
-0.12799 0.01325 -0.04794
-0.12799 0.20251 -0.12760
-0.12799 0.09206 -0.08671
-0.12799 0.13036 -0.03267
-0.12799 0.20164 -0.05438
-0.12799 0.04346 -0.06574
-0.12799 0.15054 -0.13589
-0.12799 0.15723 -0.03610
-0.12799 0.12786 -0.13919
-0.12799 0.11091 -0.16178
-0.12799 0.28507 -0.10168
-0.12799 0.22775 -0.15836
-0.12799 0.05520 0.04441
-0.12799 0.12290 -0.00143
-0.12799 0.13999 -0.16725
-0.12799 0.10971 0.01209
-0.12799 0.13944 0.01040
-0.12799 0.14995 -0.11361
-0.12799 0.13119 -0.00746
-0.12799 0.03509 -0.04178
-0.12799 0.09618 -0.00837
-0.12799 0.00799 -0.14559
-0.12799 0.15261 0.01370
-0.12799 0.01898 0.03543
-0.12799 0.16488 -0.11161
-0.12799 0.15317 -0.08813
-0.12799 0.09563 -0.12859
-0.12799 0.17429 -0.10136
-0.12799 0.16902 -0.16730
-0.12799 0.08589 0.05764
-0.12799 0.11681 -0.10254
-0.12799 0.02033 0.11821
-0.12799 0.24441 -0.13028
-0.12799 0.15485 -0.02871
-0.12799 0.02066 -0.09096
-0.12799 0.04232 0.08598
-0.12799 0.33247 -0.15309
-0.12799 0.19560 -0.09200
-0.12799 0.01868 -0.17165
-0.12799 0.01313 0.04132
-0.12799 0.04724 -0.03866
-0.12799 0.08064 -0.07571
-0.12799 0.17743 -0.14662
-0.12799 0.13811 -0.01746
-0.12799 0.04802 -0.06960
-0.12799 0.17595 -0.06315
-0.12799 0.04865 0.11507
-0.12799 0.14683 -0.10143
-0.12799 0.02892 -0.00235
-0.12799 0.06474 0.04919
-0.12799 0.07129 -0.01121
-0.12799 0.00545 -0.07850
-0.12799 0.09804 -0.04326
-0.12799 0.03895 0.10513
-0.12799 0.04151 -0.10865
-0.12799 0.20789 -0.06937
0.17528 -0.02448 -0.17307
0.19735 -0.03508 -0.17307
0.16564 -0.09613 -0.17307
0.10593 -0.30630 -0.17307
0.19048 -0.02781 -0.17307
0.13970 -0.25878 -0.17307
0.12752 -0.22137 -0.17307
0.12590 -0.29815 -0.17307
0.13956 -0.15443 -0.17307
0.14164 -0.12277 -0.17307
0.16266 -0.15146 -0.17307
0.15895 -0.06296 -0.17307
0.16074 -0.09168 -0.17307
0.15487 -0.07312 -0.17307
0.12390 -0.18289 -0.17307
0.18551 -0.07543 -0.17307
0.10629 -0.16934 -0.17307
-0.21124 0.36407 0.08936
-0.21124 0.35295 0.11008
-0.21124 0.36144 0.11403
-0.21124 0.35859 0.06432
-0.19754 -0.41883 -0.16143
-0.13175 -0.41883 -0.15403
-0.14681 -0.41883 -0.16129
-0.15260 -0.41883 -0.12999
-0.14914 -0.07269 0.03354
-0.11867 -0.07269 0.05296
-0.08383 -0.07269 0.02971
-0.12723 -0.07269 0.01160
-0.06690 -0.07269 0.09727
-0.11606 -0.07269 -0.01630
-0.10809 -0.07269 0.09818
0.06359 -0.07269 0.07616
-0.08134 -0.07269 0.01755
-0.04078 -0.07269 0.06267
0.01527 -0.07269 0.07278
-0.12174 -0.07269 0.02827
-0.00559 -0.07269 0.09040
-0.07274 -0.07269 0.01565
-0.10445 -0.07269 -0.00179
-0.13609 -0.07269 0.03766
-0.12882 -0.07269 0.04321
-0.12914 -0.07269 0.06774
0.01123 -0.07269 0.08536
0.02093 -0.07269 0.07075
-0.20162 -0.07269 -0.07888
-0.11560 -0.07269 0.01108
-0.02514 -0.07269 0.03717
-0.14796 -0.07269 -0.04848
0.10429 -0.39927 0.08030
0.10429 -0.09995 0.13874
0.10429 -0.22224 0.08035
0.10429 -0.30909 0.10331
0.10429 -0.13019 0.12856
0.10429 -0.07437 0.16559
0.10429 -0.22855 0.09806
0.10429 -0.10307 0.08929
0.10429 -0.14789 0.13256
0.10429 -0.09128 0.11982
0.10429 -0.10055 0.12179
0.10429 -0.29484 0.08793
0.10429 -0.36330 0.08638
0.10429 -0.25002 0.10185
0.10429 -0.25774 0.10648
0.10429 -0.27825 0.08607
0.10429 -0.08173 0.17040
0.10429 -0.14787 0.09102
0.10429 -0.17097 0.14134
-0.21124 -0.38851 0.16534
-0.21124 -0.23228 0.14752
-0.21124 -0.37788 0.15198
-0.21124 -0.41066 0.17011
-0.21124 -0.40503 0.14114
-0.21124 -0.19663 0.17016
-0.21124 -0.26185 0.14738
-0.21124 -0.24921 0.16278
-0.21124 -0.16675 0.16224
-0.21124 -0.39698 0.16145
0.04924 -0.07269 0.15185
0.08154 -0.07269 0.12758
0.01780 -0.07269 0.11848
-0.03843 -0.07269 0.12069
0.05554 -0.07269 0.08669
-0.01449 -0.07269 0.09903
0.10384 -0.07269 0.14920
0.06414 -0.07269 0.10125
0.08291 -0.07269 0.10343
-0.05984 -0.07269 0.10600
0.06231 -0.07269 0.09170
0.05746 -0.07269 0.12415
-0.12979 -0.27555 -0.17307
-0.16851 -0.37428 -0.17307
-0.18394 -0.39396 -0.17307
-0.15275 -0.21745 -0.17307
-0.13147 -0.22348 -0.17307
-0.15800 -0.26972 -0.17307
-0.19474 -0.41207 -0.17307
-0.14281 -0.29935 -0.17307
-0.14783 -0.31916 -0.17307
-0.13834 -0.17294 -0.17307
-0.14761 -0.39791 -0.17307
-0.12194 -0.40631 -0.17307
-0.11614 -0.27109 -0.17307
-0.12054 -0.37366 -0.17307
-0.18910 -0.38447 -0.17307
-0.13890 -0.15942 -0.17307
-0.18132 -0.37434 -0.17307
-0.11721 -0.28481 -0.17307
-0.15252 -0.07078 0.17307
-0.15728 -0.06844 0.17307
-0.19127 -0.05623 0.17307
-0.12867 -0.06394 0.17307
-0.16532 -0.06638 0.17307
-0.21124 0.41378 -0.00460
-0.12799 0.07956 -0.17137
-0.12799 0.03628 -0.13897
-0.12799 0.04279 0.04938
-0.12799 0.08389 -0.09989
-0.12799 0.07001 0.06071
-0.12799 0.09919 -0.07673
-0.12799 0.14054 -0.15433
-0.12799 0.04958 -0.14754
-0.12799 0.04872 0.10806
-0.12799 0.20142 -0.16951
-0.12799 0.10473 -0.11555
-0.12799 0.00811 -0.02530
-0.12799 0.07494 0.05029
-0.12799 0.06270 0.08307
-0.12799 0.01920 0.02954
-0.12799 0.02123 0.12790
-0.12799 0.12347 -0.04961
-0.12799 0.16454 0.00237
-0.12799 0.02340 0.09274
-0.12799 0.22000 -0.07609
-0.12799 0.11175 -0.13897
-0.12799 0.13615 -0.12434
-0.12799 0.18281 -0.07565
-0.12799 0.29094 -0.15848
-0.12799 0.20520 -0.02409
-0.12799 0.15760 -0.11020
-0.12799 0.11843 -0.16792
-0.12799 0.12324 -0.13619
-0.12799 0.12685 -0.10976
-0.12799 0.20586 -0.12273
-0.12799 0.14033 -0.09430
-0.12799 0.09594 0.03772
-0.12799 0.01922 -0.12262
-0.12799 0.15800 -0.02106
-0.12799 0.09470 -0.06121
-0.12799 0.15182 -0.07885
-0.12799 0.05681 -0.07106
-0.12799 0.13947 -0.02409
-0.12799 0.22925 -0.10581
-0.12799 0.01740 -0.10372
-0.12799 0.17632 -0.02622
-0.12799 0.04385 0.09225
-0.12799 0.20059 -0.06343
-0.12799 0.18649 -0.13853
-0.12799 0.04348 0.02403
-0.12799 0.28571 -0.11919
-0.12799 0.07047 -0.17190
-0.12799 0.19455 -0.09737
-0.12799 0.12222 -0.15841
-0.12799 0.19369 -0.02564
-0.12799 0.23028 -0.08487
-0.12799 0.14082 -0.05032
-0.12799 0.11528 -0.06233
-0.12799 0.20056 -0.13311
-0.12799 0.21465 -0.12040
-0.12799 0.24500 -0.06722
-0.12799 0.10460 -0.04423
-0.12799 0.03701 -0.15804
-0.12799 0.19713 -0.15580
-0.12799 0.14608 0.02221
-0.12799 0.17607 -0.17222
-0.12799 0.07765 -0.10744
-0.12799 0.12850 -0.11491
-0.12799 0.27445 -0.17275
-0.12799 0.14097 0.01587
-0.18006 -0.25278 0.10273
-0.18118 -0.15749 0.10273
-0.21066 -0.35991 0.10273
-0.19106 -0.33111 0.10273
-0.16960 -0.24329 0.10273
-0.13667 -0.11606 0.10273
-0.13018 -0.08762 0.10273
-0.17188 -0.22020 0.10273
-0.19590 -0.30493 0.10273
-0.15807 -0.08148 0.10273
-0.19445 -0.10052 0.10273
-0.19076 -0.08254 0.10273
-0.18469 -0.17426 0.10273
-0.18214 -0.10171 0.10273
-0.19511 -0.17825 0.10273
-0.18274 -0.13796 0.10273
-0.17779 -0.12996 0.10273
-0.16625 -0.22553 0.10273
-0.15270 0.37394 0.12285
-0.15070 0.37824 0.11629
-0.21124 0.33150 0.12285
-0.21124 0.33391 0.11751
-0.21124 0.34025 0.14979
-0.21124 0.34529 0.10111
-0.21124 0.40169 -0.01703
-0.21124 0.40087 -0.06440
0.20493 -0.37918 -0.10897
0.20324 -0.31150 -0.10897
0.16919 -0.20187 -0.10897
0.13602 -0.13409 -0.10897
0.20452 -0.29475 -0.10897
0.16315 -0.07729 -0.10897
0.11935 -0.10171 -0.10897
0.20139 -0.22066 -0.10897
0.18816 -0.27347 -0.10897
0.16094 -0.19537 -0.10897
0.19211 -0.21191 -0.10897
0.19280 -0.11035 -0.10897
0.19779 -0.23082 -0.10897
0.15734 -0.09003 -0.10897
0.12661 -0.09225 -0.10897
0.13107 -0.08195 -0.10897
0.15612 -0.21677 -0.10897
0.16283 -0.21037 -0.10897
0.20833 -0.38604 -0.10897
0.14161 -0.09554 -0.10897
-0.20964 0.17627 -0.17307
-0.17444 0.31493 -0.17307
-0.18544 0.29777 -0.17307
-0.18549 0.22970 -0.17307
-0.20604 0.23881 -0.17307
-0.19998 0.26716 -0.17307
-0.15959 0.30218 -0.17307
-0.15334 0.27941 -0.17307
-0.18221 0.15210 -0.17307
-0.21115 0.22562 -0.17307
-0.17276 0.27617 -0.17307
-0.17500 0.16505 -0.17307
-0.19396 0.32126 -0.17307
-0.16768 0.27401 -0.17307
-0.17967 0.16917 -0.17307
-0.17373 0.20223 -0.17307
-0.19520 0.12974 -0.17307
-0.20837 0.13991 -0.17307
0.10429 -0.13982 -0.15414
0.10429 -0.25262 -0.14687
0.10429 -0.14333 -0.13410
0.10429 -0.08760 -0.12779
0.10429 -0.11091 -0.14961
0.10429 -0.38869 -0.17051
0.10429 -0.10372 -0.11797
0.10429 -0.20699 -0.17150
0.10429 -0.10296 -0.16188
0.10429 -0.07760 -0.15323
0.10429 -0.21880 -0.15903
0.10429 -0.29078 -0.15053
0.10429 -0.13314 -0.12255
-0.18477 0.40765 0.05528
0.04772 -0.07269 -0.16883
0.04839 -0.07269 -0.15569
0.06070 -0.07269 -0.12894
0.08108 -0.07269 -0.16468
0.00787 -0.07269 -0.14200
-0.04639 -0.07269 -0.15728
-0.00250 -0.07269 -0.16398
-0.16560 0.38578 0.10479
-0.21124 0.37925 -0.07821
-0.21124 0.37607 -0.03693
-0.21124 0.37983 -0.01480
0.10429 -0.39354 -0.13515
0.10429 -0.32611 -0.13665
0.10429 -0.37150 -0.11903
0.10429 -0.37720 -0.13479
0.10429 -0.37021 -0.16097
0.10429 -0.39687 -0.15310
0.10429 -0.37325 -0.15010
0.10429 -0.34254 -0.13473
0.10429 -0.27620 -0.13296
0.10429 -0.11807 -0.11324
0.10429 -0.14111 -0.11264
0.10429 -0.27687 -0.14475
0.10429 -0.35933 -0.13525
-0.21124 0.39543 -0.11616
-0.21124 0.40547 -0.08519
-0.21058 0.35927 -0.17182
0.21124 -0.10297 -0.12247
0.21124 -0.07821 -0.11339
0.21124 -0.06988 -0.12423
0.21124 -0.24002 -0.13166
0.21124 -0.12262 -0.11040
0.21124 -0.17908 -0.14441
0.21124 -0.07984 -0.13106
0.21124 -0.16076 -0.14290
0.21124 -0.12576 -0.11658
0.21124 -0.18302 -0.11200
0.21124 -0.11668 -0.14764
0.21124 -0.20869 -0.11578
0.21124 -0.16047 -0.12857
0.21124 -0.31804 -0.12059
-0.17349 0.38961 0.09855
-0.13044 0.39556 0.08600
0.21124 -0.14389 -0.10964
0.21124 -0.22635 -0.11292
0.21124 -0.23477 -0.12786
0.21124 -0.11445 -0.13838
0.21124 -0.15468 -0.14427
0.21124 -0.14032 -0.12278
0.21124 -0.09511 -0.13205
0.21124 -0.21356 -0.12794
0.21124 -0.32869 -0.11917
0.21124 -0.08279 -0.14276
0.21124 -0.02164 -0.16041
0.21124 -0.12240 -0.15077
0.21124 -0.04421 -0.13359
-0.21124 0.38823 0.05100
-0.21124 0.38100 -0.10079
-0.13467 -0.28404 0.17307
-0.18308 -0.40399 0.17307
-0.19412 -0.38698 0.17307
-0.18360 -0.37924 0.17307
-0.11633 -0.29694 0.17307
-0.13332 -0.34933 0.17307
-0.19618 -0.39777 0.17307
-0.13811 -0.24049 0.17307
-0.13781 -0.24841 0.17307
-0.17448 -0.40601 0.17307
-0.12360 -0.15587 0.17307
-0.14429 -0.33522 0.17307
-0.14393 -0.40772 0.17307
-0.13670 -0.39544 0.17307
-0.12144 -0.17662 0.17307
-0.12828 -0.40482 0.17307
-0.14076 -0.38585 0.17307
-0.13112 -0.21102 0.17307
-0.17568 -0.09641 -0.17307
-0.16984 -0.16289 -0.17307
-0.13704 0.00095 -0.17307
-0.19444 -0.19802 -0.17307
-0.18864 -0.00614 -0.17307
-0.20872 -0.05050 -0.17307
-0.15355 -0.11944 -0.17307
-0.18225 -0.12943 -0.17307
-0.16468 -0.03803 -0.17307
-0.18227 -0.06330 -0.17307
-0.16802 -0.17173 -0.17307
-0.19899 -0.13756 -0.17307
-0.16810 -0.01572 -0.17307
-0.14350 -0.01219 -0.17307
-0.20593 -0.12991 -0.17307
-0.16213 -0.00735 -0.17307
-0.19277 -0.25823 -0.17307
-0.17725 -0.17440 -0.17307
-0.20284 -0.32765 -0.17307
-0.20705 -0.35736 -0.17307
-0.19376 0.36459 -0.16505
-0.15966 0.34492 0.15580
-0.12930 0.34123 0.15899
-0.12799 0.39126 0.02220
-0.15737 -0.20238 -0.17307
-0.15713 -0.19562 -0.17307
-0.17746 -0.28762 -0.17307
-0.14833 -0.11205 -0.17307
-0.14265 -0.12234 -0.17307
-0.17713 -0.25288 -0.17307
-0.13365 -0.09199 -0.17307
-0.14875 0.27025 0.17307
-0.17091 0.22236 0.17307
-0.20741 0.03023 0.17307
-0.18119 0.13303 0.17307
-0.20170 0.21912 0.17307
-0.20027 0.14904 0.17307
-0.16401 0.17493 0.17307
-0.20241 -0.02855 0.17307
-0.19192 0.12585 0.17307
-0.14657 0.24116 0.17307
-0.17181 0.31377 0.17307
-0.13826 0.28785 0.17307
-0.19173 0.18915 0.17307
-0.16026 0.29031 0.17307
-0.21026 0.12816 0.17307
-0.17414 0.17623 0.17307
-0.15509 0.29676 0.17307
-0.18396 0.12735 0.17307
0.10496 -0.41883 -0.16795
0.12509 -0.41883 -0.13649
0.10652 -0.41883 -0.12798
0.11630 -0.41883 -0.15862
-0.02904 -0.07269 -0.12853
-0.00744 -0.07269 -0.13811
-0.02373 -0.07269 -0.12764
-0.06814 -0.07269 -0.13011
0.00517 -0.07269 -0.10693
-0.03777 -0.07269 -0.14417
-0.11230 -0.07269 -0.16506
0.05741 -0.07269 -0.10594
0.08527 -0.07269 -0.11433
0.04883 -0.07269 -0.12040
-0.10847 -0.07269 -0.10982
-0.02339 -0.07269 -0.10356
0.12046 -0.41883 -0.17242
0.20012 -0.41883 -0.12379
0.16065 -0.41883 -0.14661
0.19452 -0.41883 -0.13949
0.17580 -0.41883 0.16781
0.12074 -0.41883 0.15404
0.13330 -0.41883 0.11650
0.12008 -0.41883 0.11246
0.12410 -0.41883 0.12468
0.11616 -0.41883 0.12274
-0.11524 -0.31788 0.13698
-0.11524 -0.17170 0.11284
-0.11524 -0.38937 0.11426
-0.11524 -0.29129 0.14374
-0.11524 -0.31998 0.12385
-0.11524 -0.30773 0.10330
-0.11524 -0.36893 0.12052
-0.11524 -0.32242 0.14036
-0.11524 -0.32935 0.14255
-0.11524 -0.33150 0.11367
-0.11524 -0.39587 0.16227
-0.11524 -0.35250 0.13576
-0.11524 -0.24426 0.10496
-0.11524 -0.21375 0.11546
-0.11524 -0.24068 0.13392
-0.13540 0.22005 -0.17307
-0.17813 0.01740 -0.17307
-0.13700 0.26962 -0.17307
-0.19524 0.01403 -0.17307
-0.18159 0.06948 -0.17307
-0.15988 0.10413 -0.17307
-0.12817 0.28136 -0.17307
-0.18353 0.01235 -0.17307
-0.19315 0.04198 -0.17307
-0.17042 0.08775 -0.17307
-0.16615 0.01659 -0.17307
-0.17638 0.07067 -0.17307
-0.13402 0.06106 -0.17307
-0.16175 0.12492 -0.17307
-0.17806 0.12451 -0.17307
-0.13370 0.41600 -0.05052
-0.16302 -0.25545 -0.17307
-0.14830 -0.37775 -0.17307
-0.16234 -0.28499 -0.17307
-0.14377 -0.30747 -0.17307
-0.12983 -0.32421 -0.17307
-0.11951 -0.23531 -0.17307
-0.13385 -0.23371 -0.17307
-0.15296 -0.41734 -0.17307
-0.11624 -0.22033 -0.17307
-0.16416 -0.40213 -0.17307
-0.16111 -0.24866 -0.17307
-0.13358 -0.41634 -0.17307
-0.14086 -0.34548 -0.17307
-0.11935 -0.09100 -0.17307
-0.13251 -0.29811 -0.17307
-0.13536 -0.29334 -0.17307
-0.14768 -0.35818 -0.17307
-0.11524 -0.30186 -0.09030
-0.11524 -0.20883 -0.09820
-0.11524 -0.17750 -0.12706
-0.11524 -0.22497 -0.09076
-0.11524 -0.26699 -0.10736
-0.11524 -0.22313 -0.11596
-0.11524 -0.23786 -0.12328
-0.11524 -0.09665 -0.08855
-0.11524 -0.28103 -0.09670
-0.11524 -0.16633 -0.12584
-0.11524 -0.10305 -0.09277
-0.11524 -0.15599 -0.09466
-0.11524 -0.13504 -0.12873
-0.11524 -0.31233 -0.10044
-0.11524 -0.25624 -0.10205
-0.11524 -0.07276 -0.10128
-0.11524 -0.16394 -0.10153
-0.11524 -0.14389 -0.13838
-0.11524 -0.10513 -0.12930
-0.12799 0.38569 -0.07435
-0.12799 0.39201 -0.04115
0.15338 -0.41139 -0.17307
0.18861 -0.25272 -0.17307
0.16828 -0.26739 -0.17307
0.15869 -0.41243 -0.17307
0.21080 -0.38718 -0.17307
0.20142 -0.40308 -0.17307
0.15100 -0.34972 -0.17307
0.20172 -0.23632 -0.17307
0.19640 -0.13617 -0.17307
0.17575 -0.17764 -0.17307
0.13831 -0.41658 -0.17307
0.15312 -0.23508 -0.17307
0.19789 -0.07412 -0.17307
0.20898 -0.03182 -0.17307
0.14343 -0.39236 -0.17307
0.17235 -0.28728 -0.17307
0.19328 -0.18011 -0.17307
0.14366 -0.39859 -0.17307
0.19981 -0.36646 -0.17307
0.12419 -0.40569 -0.17307
0.12852 -0.32858 -0.17307
0.14167 -0.38658 -0.17307
0.19968 -0.28062 -0.17307
-0.14362 0.41397 0.03126
-0.19280 0.41348 0.03422
-0.20028 -0.41883 0.12979
-0.13007 -0.41883 0.16993
-0.19209 -0.41883 0.12761
-0.16261 -0.41883 0.14928
-0.19660 0.37018 0.12824
-0.20635 0.36460 0.13462
-0.11524 -0.30596 0.16281
-0.11524 -0.20355 0.16878
-0.11524 -0.19578 0.13523
-0.11524 -0.23857 0.16282
-0.11524 -0.26135 0.16912
-0.11524 -0.16822 0.12683
-0.11524 -0.08420 0.12450
-0.11524 -0.27129 0.15300
-0.11524 -0.09364 0.14610
-0.11524 -0.27476 0.16424
-0.11524 -0.17329 0.15734
-0.11524 -0.12845 0.12186
-0.11675 -0.20027 0.10273
-0.15663 -0.37942 0.10273
-0.12232 -0.35992 0.10273
-0.14572 -0.24807 0.10273
-0.13691 -0.32967 0.10273
-0.16129 -0.34886 0.10273
-0.17254 -0.31982 0.10273
-0.16219 -0.26064 0.10273
-0.12290 -0.10041 0.10273
-0.16133 -0.40426 0.10273
-0.15480 -0.25844 0.10273
-0.12162 -0.33119 0.10273
-0.12598 -0.14074 0.10273
-0.14880 -0.23425 0.10273
-0.15064 -0.38307 0.10273
-0.11924 -0.13972 0.10273
-0.12452 -0.15693 0.10273
-0.17087 -0.38096 0.10273
-0.16235 0.41781 0.00823
-0.13426 0.41791 0.00768
-0.20617 0.33315 -0.17307
-0.16256 0.31993 -0.17307
-0.19642 0.09420 -0.17307
-0.17864 0.27310 -0.17307
-0.20468 0.28430 -0.17307
-0.19892 0.22822 -0.17307
-0.18379 0.34861 -0.17307
-0.17062 0.28910 -0.17307
-0.20511 0.33884 -0.17307
-0.20389 0.04087 -0.17307
-0.19561 0.15148 -0.17307
-0.16175 0.22750 -0.17307
-0.15204 0.26296 -0.17307
-0.20847 0.08522 -0.17307
-0.19673 0.24655 -0.17307
-0.20297 0.26073 -0.17307
0.13070 -0.38052 -0.10897
0.10768 -0.33353 -0.10897
0.13275 -0.28000 -0.10897
0.13868 -0.32466 -0.10897
0.14135 -0.40784 -0.10897
0.12205 -0.29904 -0.10897
0.14666 -0.32038 -0.10897
0.11732 -0.16842 -0.10897
0.13434 -0.37204 -0.10897
0.16396 -0.40121 -0.10897
0.15610 -0.39617 -0.10897
0.19350 -0.36692 -0.10897
0.19846 -0.38052 -0.10897
0.17565 -0.40504 -0.10897
0.17257 -0.35065 -0.10897
0.10938 -0.35487 -0.10897
0.11939 -0.17771 -0.10897
0.18435 -0.33850 -0.10897
0.15471 -0.38648 -0.10897
-0.09016 -0.07269 0.12245
-0.04139 -0.07269 0.14130
-0.05740 -0.07269 0.16410
-0.10239 -0.07269 0.10746
-0.01344 -0.07269 0.17165
-0.11388 -0.07269 0.11793
0.01537 -0.07269 0.16172
-0.08227 -0.07269 0.12371
0.10429 -0.36495 0.14921
0.10429 -0.38885 0.13560
0.10429 -0.30115 0.12677
0.10429 -0.41108 0.09321
0.10429 -0.18313 0.17045
0.10429 -0.37035 0.16669
0.10429 -0.15559 0.16986
0.10429 -0.27482 0.13514
0.10429 -0.40784 0.11335
0.10429 -0.32302 0.11393
0.10429 -0.31549 0.12303
0.10429 -0.27572 0.17271
0.10429 -0.32297 0.16108
0.10429 -0.36997 0.12524
0.10429 -0.24670 0.14292
0.10429 -0.37882 0.12719
0.10429 -0.40195 0.11262
0.10429 -0.27849 0.12271
-0.21124 -0.39055 -0.12731
-0.21124 -0.10086 -0.09184
-0.21124 -0.12499 -0.08904
-0.21124 -0.39820 -0.09350
-0.21124 -0.35915 -0.11764
-0.21124 -0.31028 -0.09896
-0.21124 -0.35207 -0.15500
-0.21124 -0.31020 -0.08796
-0.21124 -0.32997 -0.10360
-0.21124 -0.41819 -0.10873
-0.21124 -0.24191 -0.12748
-0.21124 -0.34046 -0.10569
-0.21124 -0.22560 -0.11357
-0.21124 -0.41244 -0.12849
-0.12799 0.36306 -0.09897
-0.12799 0.37160 0.10017
-0.11524 -0.25890 -0.14872
-0.11524 -0.20809 -0.17007
-0.11524 -0.27384 -0.13541
-0.11524 -0.12272 -0.16795
-0.11524 -0.36211 -0.16944
-0.11524 -0.38185 -0.12229
-0.11524 -0.39904 -0.16260
-0.11524 -0.32803 -0.12541
-0.11524 -0.39520 -0.13395
-0.11524 -0.26532 -0.14723
-0.11524 -0.32796 -0.14722
-0.11524 -0.16577 -0.16555
-0.11524 -0.29711 -0.16179
-0.11524 -0.35813 -0.16515
-0.11524 -0.36905 -0.11000
0.10429 -0.31338 0.14614
0.10429 -0.38863 0.15324
0.10429 -0.26504 0.13741
0.10429 -0.33420 0.14728
0.10429 -0.37196 0.14486
0.10429 -0.32687 0.12256
0.10429 -0.22272 0.16920
0.10429 -0.39720 0.10403
0.10429 -0.31607 0.10843
0.10429 -0.30222 0.15296
0.10429 -0.31879 0.15753
0.10429 -0.35534 0.15956
0.10429 -0.35867 0.12518
0.10429 -0.38663 0.12581
-0.12799 0.41300 0.02296
-0.21124 -0.04997 0.10822
-0.21124 -0.06800 0.14977
-0.21124 -0.07158 0.13865
-0.21124 0.02323 0.13265
-0.21124 -0.04757 0.11574
-0.21124 -0.06865 0.15683
-0.21124 0.04804 0.13081
-0.21124 0.10113 0.16591
-0.21124 0.01887 0.12790
-0.21124 -0.04912 0.13433
-0.21124 -0.06634 0.16736
-0.21124 -0.01772 0.15069
-0.21124 0.11801 0.16955
-0.21124 0.15922 0.15388
-0.21124 0.04035 0.17239
0.21124 -0.11731 -0.15784
0.21124 -0.40323 -0.17090
0.21124 -0.34519 -0.14577
0.21124 -0.38757 -0.13129
0.21124 -0.28360 -0.14866
0.21124 -0.38224 -0.12654
0.21124 -0.37721 -0.15719
0.21124 -0.41260 -0.12271
0.21124 -0.40347 -0.12798
0.21124 -0.15849 -0.16191
0.21124 -0.38308 -0.14627
-0.15874 0.41831 -0.00550
-0.12799 0.33781 0.00927
-0.12799 0.15987 0.03362
-0.12799 0.16898 0.11444
-0.12799 0.24385 -0.04620
-0.12799 0.23218 -0.00291
-0.12799 0.30772 0.01228
-0.12799 0.17677 0.03324
-0.12799 0.32289 0.12903
-0.12799 0.26317 0.08074
-0.12799 0.33422 0.07552
-0.12799 0.10568 0.09250
-0.12799 0.09146 0.14352
-0.12799 0.15505 0.14942
-0.12799 0.19801 0.14363
-0.12799 0.02189 0.16397
-0.12799 0.32021 0.10647
-0.12799 0.29054 -0.01968
-0.12799 0.27875 -0.02491
-0.12799 0.34335 -0.09488
-0.12799 0.18619 -0.00096
-0.12799 0.32397 -0.03487
-0.12799 0.12640 0.16206
-0.12799 0.33115 0.00945
-0.12799 0.26877 0.02948
-0.12799 0.27995 0.00231
-0.12799 0.22584 0.03118
-0.12799 0.31258 -0.03254
-0.12799 0.07116 0.13527
-0.12799 0.07418 0.14457
-0.12799 0.30830 0.13161
-0.12799 0.31938 -0.05881
-0.12799 0.32618 -0.01659
-0.12799 0.27850 0.08897
-0.12799 0.17848 0.06953
-0.12799 0.29035 0.09471
-0.12799 0.30569 0.16790
-0.12799 0.13457 0.10130
-0.12799 0.22184 -0.02899
-0.12799 0.28019 0.12337
-0.12799 0.13652 0.09607
-0.12799 0.33149 0.02745
-0.12799 0.31709 0.16095
-0.12799 0.28504 0.06358
-0.12799 0.17746 0.04649
-0.12799 0.15850 0.16941
-0.12799 0.20433 0.06207
-0.12799 0.30104 -0.01253
-0.12799 0.18629 0.12412
-0.12799 0.20554 0.08548
-0.12799 0.04810 0.16648
-0.12799 0.32220 0.15090
-0.12799 0.21119 0.02584
-0.12799 0.28939 -0.00108
-0.12799 0.01980 0.16933
-0.12799 0.13102 0.09216
-0.12799 0.29168 0.08305
-0.12799 0.31100 0.04447
-0.12799 0.32246 -0.10921
-0.12799 0.15544 0.02757
-0.12799 0.08799 0.13517
-0.12799 0.20082 0.06715
-0.12799 0.31489 0.09553
-0.12799 0.10669 0.15256
-0.12799 0.25212 0.05055
-0.12799 0.22232 -0.01119
-0.12799 0.25709 0.08418
-0.07055 -0.07269 -0.09185
-0.11301 -0.07269 -0.13645
-0.09499 -0.07269 -0.13778
0.02415 -0.07269 -0.12107
-0.01393 -0.07269 -0.12177
0.01750 -0.07269 -0.12885
-0.10022 -0.07269 -0.13026
-0.11261 -0.07269 -0.11414
-0.07421 -0.07269 -0.14391
-0.11453 -0.07269 -0.14921
-0.06571 -0.07269 -0.14074
-0.11524 -0.20525 -0.09203
-0.11524 -0.24923 -0.11122
-0.11524 -0.17537 -0.11940
-0.11524 -0.35873 -0.09175
-0.11524 -0.16886 -0.08697
-0.11524 -0.24322 -0.10514
-0.11524 -0.38769 -0.09321
-0.11524 -0.21230 -0.13618
-0.11524 -0.10409 -0.15137
-0.11524 -0.16763 -0.14913
-0.11524 -0.19012 -0.10469
-0.11524 -0.27111 -0.12033
-0.11524 -0.21259 -0.10425
0.13732 -0.26953 0.17307
0.11085 -0.28447 0.17307
0.11020 -0.13968 0.17307
0.17258 -0.19185 0.17307
0.14191 -0.25620 0.17307
0.15040 -0.22552 0.17307
0.11662 -0.31022 0.17307
0.13767 -0.09613 0.17307
0.17182 -0.14402 0.17307
0.19330 -0.09174 0.17307
0.12492 -0.13309 0.17307
0.11231 -0.37581 0.17307
0.16361 -0.21796 0.17307
0.20145 -0.10235 0.17307
0.17460 -0.18002 0.17307
0.14603 -0.08286 0.17307
0.16787 -0.20426 0.17307
-0.20066 0.40401 -0.09678
-0.17034 0.40013 -0.10627
0.21124 -0.27781 0.09927
0.21124 -0.41241 0.16654
0.21124 -0.39547 0.14394
0.21124 -0.13701 0.09512
0.21124 -0.21987 0.10217
0.21124 -0.28244 0.10744
0.21124 -0.39016 0.08775
0.21124 -0.26525 0.09132
0.21124 -0.27463 0.12849
0.21124 -0.32324 0.09869
0.21124 -0.39411 0.15627
0.21124 -0.37893 0.12918
0.21124 -0.30403 0.11796
0.21124 -0.37515 0.14225
0.21124 -0.36073 0.09341
0.21124 -0.28302 0.13547
0.21124 -0.31507 0.13370
0.21124 -0.20242 0.08733
-0.21124 0.39276 -0.03538
-0.09459 -0.07269 0.16930
0.00608 -0.07269 0.14683
0.05655 -0.07269 0.16936
0.03762 -0.07269 0.16251
-0.03327 -0.07269 0.13384
-0.05765 -0.07269 0.15814
0.04629 -0.07269 0.17099
0.00194 -0.07269 0.16193
-0.18898 -0.26448 -0.08657
-0.19867 -0.16125 -0.08657
-0.15590 -0.31986 -0.08657
-0.20519 -0.19069 -0.08657
-0.19016 -0.18120 -0.08657
-0.18246 -0.38056 -0.08657
-0.20947 -0.20017 -0.08657
-0.20578 -0.10467 -0.08657
-0.15473 -0.29498 -0.08657
-0.17774 -0.39140 -0.08657
-0.16940 -0.36130 -0.08657
-0.17517 -0.30059 -0.08657
-0.17550 -0.34146 -0.08657
-0.18084 -0.22631 -0.08657
-0.16813 -0.33899 -0.08657
-0.18211 -0.34262 -0.08657
-0.20018 -0.41513 -0.08657
0.21124 -0.04139 0.16636
0.21124 -0.06314 0.14291
0.21124 -0.05065 0.11745
-0.21124 -0.33152 -0.17034
-0.21124 -0.09589 -0.11996
-0.21124 -0.34187 -0.16364
-0.21124 -0.11403 -0.10990
-0.21124 -0.27894 -0.14929
-0.21124 -0.20548 -0.16842
-0.21124 -0.21793 -0.14872
-0.21124 -0.02779 -0.15763
-0.21124 -0.20169 -0.16000
-0.21124 -0.11056 -0.14782
-0.21124 -0.15173 -0.13509
-0.21124 -0.23411 -0.17116
-0.21124 -0.15149 -0.15422
-0.21124 -0.28763 -0.14565
-0.21124 -0.27347 -0.15455
-0.21124 -0.08629 -0.16531
-0.21124 -0.05703 -0.12341
-0.21124 -0.23218 -0.13075
-0.21124 -0.32688 -0.15499
-0.12509 -0.38373 0.17307
-0.18135 -0.39671 0.17307
-0.11557 -0.28580 0.17307
-0.12229 -0.25664 0.17307
-0.16173 -0.26925 0.17307
-0.11833 -0.09007 0.17307
-0.15233 -0.24249 0.17307
-0.19097 -0.38204 0.17307
-0.15837 -0.40829 0.17307
-0.12062 -0.10754 0.17307
-0.12664 -0.33330 0.17307
-0.13906 -0.28855 0.17307
-0.13907 -0.34616 0.17307
-0.14799 -0.28114 0.17307
-0.13924 -0.22927 0.17307
-0.13891 -0.19075 0.17307
-0.15488 -0.36844 0.17307
-0.15308 -0.41883 0.16743
-0.19167 -0.41883 0.15115
-0.17176 -0.41883 0.13812
-0.16689 -0.41883 0.16646
-0.13799 -0.08690 -0.08657
-0.11884 -0.18966 -0.08657
-0.11973 -0.35966 -0.08657
-0.16021 -0.12384 -0.08657
-0.18061 -0.11852 -0.08657
-0.18517 -0.11022 -0.08657
-0.13168 -0.13263 -0.08657
-0.16269 -0.08900 -0.08657
-0.19429 -0.07623 -0.08657
-0.14003 -0.11157 -0.08657
-0.16986 -0.10254 -0.08657
-0.12693 -0.20076 -0.08657
-0.11533 -0.16146 -0.08657
-0.16664 -0.16760 -0.08657
-0.11830 -0.40477 -0.08657
-0.18309 -0.16635 -0.08657
-0.11655 -0.27874 -0.08657
-0.17942 0.39730 -0.11317
-0.20009 0.39714 0.08266
-0.12799 0.29265 -0.03855
-0.12799 0.24378 0.07841
-0.12799 0.23414 0.16574
-0.12799 0.14608 0.08643
-0.12799 0.13474 0.07434
-0.12799 0.20552 0.15787
-0.12799 0.17070 0.03319
-0.12799 0.17472 0.09611
-0.12799 0.25135 -0.06161
-0.12799 0.24569 0.00841
-0.12799 0.31316 -0.05440
-0.12799 0.19309 0.10697
-0.12799 0.05474 0.15375
-0.12799 0.17159 0.16804
-0.12799 0.25394 0.02350
-0.12799 0.16781 0.16400
-0.12799 0.18358 0.02868
-0.12799 0.15060 0.07253
-0.12799 0.26925 0.01045
-0.12799 0.27346 -0.05092
-0.12799 0.22317 0.12893
-0.12799 0.29852 0.10995
-0.12799 0.26013 -0.01083
-0.12799 0.27869 -0.05022
-0.12799 0.30121 -0.00372
-0.12799 0.15321 0.06443
-0.12799 0.34365 -0.08189
-0.12799 0.10770 0.07933
-0.12799 0.33810 -0.01761
-0.12799 0.27456 0.02687
-0.12799 0.27713 -0.06172
-0.12799 0.30136 0.00518
-0.12799 0.31690 -0.08883
-0.12799 0.22237 0.08172
-0.12799 0.32346 -0.08675
-0.12799 0.33707 0.02289
-0.12799 0.28198 0.15719
-0.12799 0.31303 0.15456
-0.12799 0.29933 0.16351
-0.12799 0.12527 0.15694
-0.12799 0.33487 0.05415
-0.12799 0.17496 0.02419
-0.12799 0.19616 0.00035
-0.12799 0.05357 0.12845
-0.12799 0.13582 0.16470
-0.12799 0.19393 0.07631
-0.12799 0.29422 0.01279
-0.12799 0.19984 0.13410
-0.12799 0.27791 0.09462
-0.12799 0.13124 0.13211
-0.12799 0.14052 0.12810
-0.12799 0.30757 0.09800
-0.12799 0.31725 0.06170
-0.12799 0.21346 0.04962
-0.12799 0.24287 0.10931
-0.12799 0.23349 0.11171
-0.12799 0.31304 -0.00231
-0.12799 0.28060 -0.00754
0.13799 -0.41883 0.09425
0.18384 -0.41883 0.09818
0.20511 -0.41883 0.11113
0.20642 -0.41883 0.11911
-0.14645 0.36315 0.13628
-0.15650 0.35550 0.14502
-0.16577 0.35675 0.14358
-0.14196 0.38409 0.10738
-0.18608 0.37231 0.12534
-0.17514 -0.41883 0.11221
-0.15010 -0.41883 0.11715
-0.18405 -0.41883 0.11592
-0.17799 0.37542 -0.15126
-0.11524 -0.41387 0.15580
-0.11524 -0.39897 0.12996
-0.11524 -0.40773 0.15249
-0.11524 -0.25290 0.10757
-0.11524 -0.18957 0.10315
-0.11524 -0.19665 0.11231
-0.11524 -0.32937 0.10813
-0.11524 -0.38945 0.14936
-0.11524 -0.25671 0.11729
-0.11524 -0.35080 0.12787
-0.11524 -0.31098 0.13156
-0.11524 -0.18063 0.10284
-0.11524 -0.20221 0.11568
-0.11524 -0.29149 0.11504
-0.11524 -0.29217 0.12991
0.10429 -0.11916 0.13046
0.10429 -0.11310 0.10656
0.10429 -0.09644 0.15518
0.10429 -0.16042 0.08187
0.10429 -0.08985 0.16143
0.10429 -0.17387 0.11208
0.10429 -0.08291 0.13312
0.10429 -0.31345 0.09436
0.10429 -0.08347 0.08959
0.10429 -0.18703 0.12805
0.10429 -0.33229 0.09627
0.10429 -0.11753 0.15942
0.10429 -0.36984 0.08064
0.10429 -0.13552 0.09430
0.10429 -0.24478 0.11551
0.10429 -0.19644 0.12307
-0.13392 0.36146 -0.16903
0.12156 -0.34221 0.08027
0.13649 -0.23481 0.08027
0.12211 -0.32967 0.08027
0.13461 -0.17994 0.08027
0.11042 -0.37606 0.08027
0.14077 -0.14832 0.08027
0.11794 -0.11351 0.08027
0.15968 -0.20911 0.08027
0.15567 -0.24438 0.08027
0.11918 -0.18172 0.08027
0.11521 -0.22358 0.08027
0.15125 -0.07526 0.08027
0.11381 -0.13507 0.08027
0.16096 -0.14930 0.08027
0.11714 -0.21301 0.08027
0.17063 -0.20211 0.08027
0.14727 -0.21677 0.08027
0.11110 -0.34080 0.08027
0.12914 -0.25693 0.08027
0.18323 -0.14100 0.08027
0.16212 -0.09531 0.08027
0.15610 -0.10795 0.08027
-0.21124 0.02132 -0.04628
-0.21124 0.22235 0.08256
-0.21124 0.27017 0.12864
-0.21124 0.00723 -0.13399
-0.21124 0.23781 0.08633
-0.21124 0.03846 -0.02427
-0.21124 0.04771 -0.12074
-0.21124 0.07995 -0.01296
-0.21124 0.12881 -0.02167
-0.21124 0.10475 -0.02763
-0.21124 0.01786 -0.06586
-0.21124 0.00265 -0.10634
-0.21124 0.12023 0.03078
-0.21124 -0.00075 -0.04263
-0.21124 -0.03418 -0.09366
-0.21124 0.13998 0.03567
-0.21124 0.11880 0.02081
-0.21124 0.14097 0.04412
-0.21124 0.08624 -0.08155
-0.21124 0.08458 -0.06701
-0.21124 0.11737 -0.03661
-0.21124 0.09651 0.02381
-0.21124 0.07924 0.00354
-0.21124 0.03180 -0.10015
-0.21124 -0.05404 -0.07865
-0.21124 0.16673 0.03282
-0.21124 0.02020 -0.10404
-0.21124 0.08640 -0.05159
-0.21124 0.07970 -0.05173
-0.21124 0.16850 0.02672
-0.21124 0.38359 0.02667
-0.21124 0.37917 0.02137
-0.14679 0.41856 -0.01501
-0.16730 0.41834 -0.00693
-0.14777 0.39863 -0.10993
-0.18344 0.40707 -0.08932
-0.13256 0.33599 0.16353
0.21124 -0.18102 0.16365
0.21124 -0.30620 0.16537
0.21124 -0.25495 0.16668
0.21124 -0.36682 0.16381
0.21124 -0.12898 0.14084
0.21124 -0.12491 0.12829
0.21124 -0.19525 0.14433
0.21124 -0.23706 0.13633
0.21124 -0.11494 0.15088
0.21124 -0.09932 0.09052
0.21124 -0.14084 0.13107
0.21124 -0.10815 0.13681
0.21124 -0.31545 0.16475
0.21124 -0.34291 0.15869
0.21124 -0.19730 0.16194
0.21124 -0.17919 0.11378
0.21124 -0.21432 0.13351
0.10429 -0.25847 -0.16820
0.10429 -0.31555 -0.16195
0.10429 -0.19800 -0.16176
0.10429 -0.14031 -0.14759
0.10429 -0.26035 -0.16063
0.10429 -0.24712 -0.16453
0.10429 -0.31572 -0.15441
0.10429 -0.37008 -0.17019
0.10429 -0.12153 -0.15280
0.10429 -0.07903 -0.12771
-0.12799 0.35645 0.13459
-0.12799 0.35687 0.04508
-0.12799 0.36410 0.12587
-0.21124 0.36777 0.04533
-0.21124 0.36413 -0.06481
-0.21124 0.37179 -0.11160
-0.19323 -0.41883 -0.10914
-0.18985 -0.41883 -0.12380
-0.18205 -0.41883 -0.11029
