0.14944 0.01759 -0.39793
0.14756 0.05321 0.13905
-0.13711 0.01465 0.12499
0.15511 -0.03923 0.03337
-0.16364 0.13141 -0.38859
-0.14723 -0.04588 -0.35480
-0.12903 0.10054 -0.12617
0.01336 -0.04387 0.15844
-0.12757 -0.08119 0.14433
0.12671 -0.17214 -0.14134
-0.09300 0.09785 -0.35664
-0.09184 0.07877 -0.39257
0.06635 0.02453 0.11278
-0.15944 0.11784 -0.12427
-0.09065 0.04964 -0.26193
-0.10083 0.13215 0.10380
-0.12325 0.04690 0.14762
-0.00785 -0.02376 0.14560
0.05778 -0.03702 0.14560
-0.00086 -0.02848 0.14560
0.05680 0.01248 -0.14742
-0.16918 0.18300 -0.39586
-0.11076 0.00743 0.14762
-0.11044 -0.03324 -0.32316
0.12091 -0.02151 -0.40331
-0.13743 -0.14375 -0.14867
-0.05116 -0.01982 0.14426
-0.05773 -0.02849 -0.41409
-0.08987 0.07843 0.14631
0.17242 -0.00698 -0.22915
-0.12617 0.00362 -0.42084
-0.10947 0.15523 -0.16492
0.11555 -0.03501 -0.12708
-0.12405 -0.01788 -0.13307
0.11851 -0.04451 -0.13295
-0.15402 0.05576 -0.01622
0.06946 -0.00741 -0.12953
-0.16092 0.11668 0.33445
-0.16197 0.17145 0.14762
-0.09696 -0.01378 0.33319
0.12544 0.10401 -0.40764
0.12660 -0.06894 0.13586
0.03333 -0.00684 0.14426
-0.09662 -0.01179 -0.21205
-0.15671 0.08733 -0.23469
-0.10717 -0.00098 -0.39974
-0.12293 0.01631 0.13176
-0.06469 0.08956 0.14751
-0.10229 -0.01340 -0.34264
0.13810 -0.17864 0.12415
-0.09078 0.07623 0.03907
0.01453 -0.01818 -0.40331
-0.10158 -0.01140 -0.28583
-0.17133 0.17922 0.31341
-0.11286 0.16241 -0.05630
-0.11060 0.15763 -0.25714
0.16850 -0.02503 0.09704
0.15853 0.09213 0.13950
0.10531 0.02551 0.11476
-0.10279 -0.01456 0.38968
-0.10033 -0.00740 -0.05347
-0.13836 -0.03051 0.12436
-0.04064 0.01537 -0.33824
-0.04537 0.01480 -0.35886
-0.12304 0.05252 -0.41634
0.06176 0.10110 0.40006
-0.09638 0.00768 -0.16217
0.13764 -0.08134 -0.14970
-0.09124 0.08301 -0.17745
-0.15307 -0.00859 0.12265
-0.09129 -0.03737 -0.41409
-0.01502 -0.03694 -0.41409
-0.01022 -0.00741 0.12771
0.13218 -0.14118 -0.14828
-0.14377 0.11635 0.14762
0.16055 0.01703 0.01208
-0.00149 0.01828 -0.11804
0.12074 0.10464 0.12233
-0.09502 0.01414 0.17844
-0.08308 -0.04074 -0.25220
-0.07240 0.01093 -0.28023
0.05551 -0.02144 -0.40331
0.03364 0.09657 -0.42647
-0.10743 0.07358 0.42267
-0.12593 0.18343 0.02859
0.17241 -0.00672 -0.31116
-0.12942 0.04075 0.14762
0.07163 0.02493 0.16007
-0.14372 -0.08508 0.41555
-0.09048 0.06917 -0.34665
-0.11681 0.04724 0.14762
0.06072 -0.01021 -0.14607
0.02929 -0.02987 0.41409
0.13330 -0.03489 -0.42252
0.17247 -0.01012 -0.25801
-0.09672 -0.02146 0.28219
0.13149 0.02703 -0.34938
-0.15446 0.06258 -0.00691
-0.15925 0.10637 0.28604
0.14394 0.00346 -0.40331
-0.14409 -0.03438 -0.41371
-0.01411 0.01852 -0.18102
0.00230 0.02022 -0.17033
0.16012 0.01637 -0.11590
-0.09033 0.05871 0.35174
-0.09144 0.08463 -0.11453
-0.09164 0.03665 0.06413
-0.16954 0.18313 -0.10038
0.14103 -0.01481 0.40220
0.14574 -0.06719 -0.14579
0.12653 0.00921 0.13419
-0.16292 0.12765 0.20358
0.12692 -0.03109 -0.41409
-0.01599 0.09932 -0.12627
-0.17054 0.16117 0.28633
0.14780 -0.12616 0.41554
-0.09679 0.00600 0.34209
-0.15746 0.09339 0.30542
-0.09055 0.07321 0.36651
-0.12234 0.18013 0.09768
0.15819 0.09111 -0.40752
0.16806 0.00741 0.16096
0.12609 -0.03025 -0.40282
-0.00184 -0.04279 0.39116
-0.10982 0.15603 -0.38470
0.10750 0.09337 -0.41714
0.12288 -0.00407 0.12771
-0.12386 0.03257 0.40712
-0.11670 0.16996 0.01097
-0.05081 -0.04519 0.07043
0.05348 -0.04519 0.03724
0.03484 -0.04519 0.03248
-0.04103 -0.04519 0.06392
0.07519 -0.04519 0.00043
0.09794 -0.04519 0.01113
-0.06639 -0.04519 0.09004
0.06912 -0.04519 0.02132
0.01909 -0.04519 0.04622
0.10782 -0.04519 0.00601
-0.02156 -0.04519 0.05796
-0.09329 0.05643 0.39366
-0.04266 -0.03037 0.41409
-0.14138 0.19356 0.07879
-0.10513 0.14450 -0.19515
-0.14748 0.05704 -0.39996
0.12904 -0.03703 -0.41963
-0.11269 0.16206 0.19967
0.14625 -0.10873 -0.14498
-0.01331 -0.03468 0.14560
0.03183 -0.03804 0.14560
-0.11599 -0.04358 0.14560
-0.07837 -0.04301 -0.19631
-0.10040 0.13069 0.06962
-0.01927 0.01799 0.00457
-0.03942 0.10165 0.13909
-0.08012 0.00857 -0.00511
-0.10589 -0.02342 -0.26029
-0.16592 0.14215 -0.31486
-0.03136 0.10290 -0.41766
-0.15376 0.01939 0.15173
-0.09601 0.00934 -0.30080
-0.09609 0.11408 0.25126
-0.16452 0.13571 -0.15707
-0.12142 -0.02877 -0.14943
-0.10844 -0.02898 0.34572
-0.07603 -0.04384 -0.22711
0.12790 0.02698 0.14046
0.12678 -0.04519 -0.25671
0.10159 -0.04519 -0.19668
0.11861 -0.04519 -0.20854
0.09862 -0.04519 -0.18239
0.05712 -0.04519 -0.18343
0.12189 -0.04519 -0.18438
-0.01632 0.00480 -0.12860
0.13718 0.09964 0.14751
-0.15628 0.19406 -0.17373
0.10393 0.02650 0.26912
-0.13621 -0.18468 -0.42302
0.11421 0.10497 0.14697
-0.15674 0.08749 0.19414
-0.17047 0.18108 0.05529
-0.13322 -0.04588 -0.07123
-0.00258 0.00876 -0.14793
0.14084 -0.12018 0.12478
0.07370 0.02535 0.35968
-0.09274 -0.02329 0.14184
-0.06412 -0.02329 0.41146
-0.08707 0.00419 0.30100
-0.12298 -0.16660 -0.14256
-0.14321 0.03526 -0.40809
-0.11989 -0.04489 -0.23890
-0.12489 -0.05188 0.41956
-0.09040 0.05544 -0.17046
-0.15389 0.03823 0.29021
-0.15389 0.03060 0.27735
-0.15389 -0.03465 0.15541
-0.09471 0.01569 0.26022
-0.12451 -0.14887 -0.41911
0.13548 0.02699 0.17448
0.13446 0.03942 0.40202
-0.07971 -0.03646 -0.12818
-0.12970 -0.04301 -0.12818
-0.04043 -0.04134 -0.12818
-0.09153 -0.00060 -0.38584
-0.12262 -0.08482 -0.41429
0.12700 0.09405 -0.13661
0.13339 0.09016 -0.41724
-0.15606 0.08114 -0.00518
-0.07691 0.00982 -0.07503
-0.11965 -0.04466 -0.34110
-0.15120 -0.00070 0.14789
-0.13967 -0.15622 0.42143
-0.11399 0.13673 0.39815
0.14433 -0.02847 0.40093
0.08402 -0.00754 -0.12953
-0.13551 -0.12421 -0.12824
-0.09251 -0.02393 0.41336
-0.15429 0.06017 -0.38650
-0.10054 0.11700 -0.12350
-0.14303 -0.09389 0.13040
-0.13981 0.06640 0.12436
-0.16026 0.11276 -0.27648
0.06609 0.02496 0.07574
0.07922 -0.04519 -0.34757
0.09592 -0.04519 -0.33229
0.12690 -0.04519 -0.28229
0.09228 -0.04519 -0.37070
0.12299 -0.04519 -0.32538
-0.13011 -0.04588 0.22956
-0.09096 0.04431 -0.23213
-0.08738 0.00394 -0.38092
-0.12637 -0.02674 0.12436
0.06731 0.02502 -0.25117
0.12925 -0.10316 -0.13154
-0.09397 0.06170 -0.15290
0.04424 -0.03922 0.12212
0.00960 -0.04519 -0.16919
0.02666 -0.04519 -0.19843
-0.00057 -0.04519 -0.18259
-0.00334 -0.04519 -0.19394
0.04425 -0.04519 -0.20464
-0.00523 -0.04519 -0.16853
0.14208 -0.02708 -0.40283
-0.09501 0.01417 -0.16311
-0.05693 0.01317 -0.03514
-0.06924 0.01143 -0.00651
0.13690 -0.17957 0.42347
-0.15389 0.02560 -0.08916
-0.15389 0.00660 -0.08648
-0.15389 0.00522 -0.10462
-0.15389 0.01029 -0.06560
-0.13459 0.19030 0.30962
0.11091 -0.02329 0.13968
-0.13001 0.06645 0.40180
0.15140 0.02310 -0.20075
-0.16214 0.12363 0.37379
0.15369 -0.04002 -0.00288
-0.09600 0.11365 -0.00638
-0.09626 -0.01006 0.18825
-0.13196 -0.09554 -0.14960
0.10626 0.10433 -0.12627
-0.13324 -0.04588 0.31207
-0.12277 -0.18932 -0.14187
0.13229 -0.06116 0.42217
-0.09560 0.01130 -0.19302
0.08712 0.02594 0.20089
0.08623 0.02591 0.21256
-0.05278 0.00968 -0.15344
-0.14576 -0.04588 0.00122
0.03714 0.02315 -0.31107
-0.13644 0.16001 -0.39996
-0.12935 -0.04588 -0.23329
0.01398 0.01857 -0.12021
0.13787 0.02685 0.29137
-0.16895 0.18430 0.22369
0.09344 0.02615 -0.19682
-0.12385 -0.12409 -0.14435
-0.14011 0.18388 -0.14943
-0.08972 -0.03543 0.18953
0.05902 0.10877 -0.42414
-0.17087 0.16251 -0.08570
0.02322 -0.04519 0.31120
0.00672 -0.04519 0.31555
-0.06648 -0.04519 0.36499
0.00988 -0.04519 0.29967
-0.03001 -0.04519 0.32680
0.06612 -0.04519 0.30790
0.01660 -0.04519 0.29163
-0.04546 -0.04519 0.32544
-0.03015 -0.04519 0.34110
-0.03503 -0.04519 0.29429
0.04238 -0.02965 -0.14030
0.08953 -0.02976 -0.14030
0.11178 0.02670 0.28056
0.11831 0.02681 0.33276
-0.09777 0.00190 -0.21330
0.00924 0.02087 -0.24852
0.00638 0.02063 -0.24319
-0.15796 0.09746 0.07218
0.16839 -0.00915 0.15178
-0.12133 0.17838 0.01423
0.05556 -0.04519 0.33843
0.09927 -0.04519 0.29843
0.04907 -0.04519 0.34153
0.02771 -0.04519 0.35367
0.04218 -0.04519 0.37091
-0.14307 -0.04588 -0.18342
-0.08228 -0.04451 0.13810
0.02105 -0.00562 0.14426
0.16792 0.00803 -0.23965
-0.09117 0.04156 -0.03475
0.14220 0.02895 0.42225
-0.09391 -0.00422 -0.31387
-0.10736 0.07359 0.13409
-0.15343 0.03874 -0.12278
-0.01225 0.01871 -0.33525
-0.01419 0.01851 -0.34051
-0.16184 0.12196 0.21713
0.04081 -0.03695 -0.41409
0.14010 -0.14020 -0.14932
0.14683 -0.04305 -0.01874
0.14762 -0.11755 -0.40864
-0.06345 0.00076 -0.40170
0.00852 -0.03006 0.13348
0.02684 -0.03076 -0.12834
0.13030 -0.01001 0.14329
-0.15547 0.07522 0.21518
0.12775 0.03670 -0.14376
-0.05246 0.00658 -0.39908
0.17251 -0.00867 0.29325
-0.00032 -0.02446 0.40197
0.00822 -0.03329 0.40197
0.06613 -0.03351 0.40197
-0.10396 -0.02411 0.40197
0.13094 0.10330 -0.12865
-0.09364 0.02187 -0.28099
0.08648 -0.04519 0.09006
0.11216 -0.04519 0.07845
0.09322 -0.04519 0.10109
0.12617 -0.04519 0.01910
0.12971 -0.04519 0.02973
-0.07530 -0.02375 0.41321
-0.01006 0.00563 0.12674
0.12158 0.02686 0.20635
-0.09593 0.11333 -0.29810
-0.12169 0.17904 0.06664
0.14810 -0.10870 0.41054
0.12936 0.09337 0.14751
0.08584 -0.04283 0.39157
-0.10386 -0.01783 -0.00071
-0.09642 0.11571 0.36699
0.09763 0.02629 -0.21588
-0.05449 -0.01901 -0.12953
-0.13250 0.01827 -0.14943
-0.09049 0.05303 -0.25468
-0.06907 -0.04504 -0.09666
-0.10091 -0.00930 -0.18154
0.02924 -0.04298 -0.39279
-0.09082 0.07675 0.28227
0.02588 -0.04212 0.15290
0.15520 -0.00871 -0.12931
-0.03295 0.10078 -0.42681
-0.10345 -0.00029 -0.15094
-0.09862 0.12453 -0.23453
-0.14461 0.19455 0.17463
-0.02557 -0.04322 0.11535
0.10104 -0.04519 0.36943
0.07815 -0.04519 0.35342
0.12570 -0.04519 0.31858
0.08380 -0.04519 0.35010
0.05061 -0.04519 0.36591
0.12778 -0.04519 0.33448
0.06160 -0.04519 0.38078
0.11973 0.09703 0.42681
-0.02955 0.01673 0.32636
-0.04293 0.01510 0.37752
-0.00513 0.10602 -0.40870
-0.12236 -0.08045 -0.13923
0.05353 0.10406 -0.15302
-0.15503 0.06999 -0.20980
0.13248 0.04749 -0.42222
-0.10081 -0.00346 -0.15439
-0.13048 0.01907 0.40196
0.04849 -0.02391 -0.40197
0.12236 -0.04282 -0.40197
-0.11471 0.16635 0.00172
-0.07846 -0.04297 0.10750
0.09523 0.02621 -0.37347
0.08547 0.02588 -0.38095
0.10104 0.10666 0.40667
0.03780 0.01847 -0.39676
0.13562 -0.02999 0.41409
0.14356 0.02586 0.31012
-0.10782 0.09123 0.39815
-0.16069 0.11529 -0.29239
0.00259 0.02025 -0.29834
-0.17179 0.16618 0.02320
-0.13480 0.01388 -0.12617
-0.14384 0.02398 0.13734
-0.09707 -0.01845 0.02065
-0.05821 0.01299 0.37112
-0.15823 0.10157 0.11967
-0.16063 0.19221 0.10468
-0.15676 0.08772 -0.24701
0.11270 0.00613 0.40150
-0.14046 -0.02118 -0.42077
-0.07275 -0.01409 0.12771
-0.09143 0.08561 -0.37676
-0.09154 0.08669 0.06709
-0.08008 0.08089 -0.15180
-0.14126 -0.04588 -0.26088
-0.13021 -0.04588 -0.22414
0.14413 -0.19062 0.12644
-0.09038 0.06191 -0.06560
-0.09349 0.02274 -0.01256
-0.11545 -0.03238 -0.14030
-0.06883 -0.02965 -0.14030
0.00809 0.10724 -0.15037
-0.10750 0.07072 0.12436
-0.00957 0.10163 0.42681
-0.11206 -0.02411 -0.13973
-0.09651 -0.02255 -0.06959
-0.07525 -0.04403 0.19464
-0.04355 0.01376 0.11544
0.13909 -0.04053 -0.40177
0.10127 -0.02325 0.40150
-0.15533 0.07370 -0.17944
-0.09061 0.07392 0.02342
-0.10287 -0.01506 -0.31691
-0.10232 -0.01368 -0.38661
-0.10690 0.07373 0.40939
0.00850 0.02081 -0.29729
0.12916 0.00968 0.12756
0.00037 0.02002 -0.21063
-0.17178 0.16610 -0.19048
-0.13258 0.05851 0.12436
-0.16591 0.14213 -0.33843
-0.15866 0.10233 -0.24518
0.03123 0.01901 -0.15383
-0.05852 0.01295 -0.05189
-0.09640 0.04823 -0.39797
-0.15389 0.03166 0.38789
0.08271 0.01956 -0.12454
-0.11171 -0.03596 0.27648
0.08265 0.02579 0.03670
0.08477 0.02586 0.06292
0.14058 0.08913 -0.13104
0.13736 -0.11063 0.42351
0.06009 -0.04334 0.15564
-0.12473 0.02728 0.14171
0.12697 -0.10803 -0.41012
-0.13349 -0.00237 0.39815
-0.09431 0.03353 -0.12096
-0.09661 0.01310 -0.12003
-0.09702 -0.01921 -0.33067
0.11529 0.02676 -0.10602
0.12409 0.02690 -0.06698
-0.11977 0.17554 0.19439
0.13002 -0.04519 -0.07113
0.10174 -0.04519 -0.05871
0.06529 -0.04519 -0.10495
0.11421 -0.04519 -0.06095
0.08468 -0.04519 -0.06210
0.12983 -0.04519 -0.04940
-0.16985 0.15846 -0.26376
-0.15389 0.04124 0.00729
-0.15389 -0.00727 0.00314
-0.12235 -0.13675 -0.41201
0.11067 0.09303 -0.13680
0.13735 0.05468 0.12406
0.05366 -0.03929 -0.14030
-0.16021 0.11245 0.00271
-0.16050 0.11416 0.28831
0.12837 -0.01902 0.12910
-0.10322 0.13933 -0.32194
-0.15185 -0.04389 -0.25249
-0.14550 -0.04588 0.32628
0.15564 -0.03888 0.23235
0.16393 -0.03142 -0.38695
0.15104 0.02318 -0.11223
0.14836 -0.02077 -0.14611
0.10051 -0.03720 0.12392
0.12626 0.02694 -0.00910
-0.09108 0.08132 -0.17039
-0.10741 -0.02677 -0.27569
-0.09063 0.04983 -0.22999
-0.00224 -0.02705 0.41409
0.17049 -0.02053 0.31004
-0.16234 0.19099 0.30082
0.06190 -0.04519 0.35418
0.10899 -0.04519 0.35588
0.10195 -0.04519 0.34019
0.13079 -0.04519 0.35495
0.13081 -0.04519 0.31483
0.10804 -0.04519 0.32982
-0.01293 -0.02730 -0.12943
0.04644 0.00528 -0.40327
-0.07516 -0.04400 0.31067
-0.15757 0.09429 -0.33980
0.14437 -0.18257 0.40408
-0.13471 -0.05273 0.40169
0.14125 -0.19336 0.40223
0.09219 -0.03855 -0.14030
-0.11593 0.06245 0.39815
-0.15990 0.11056 -0.19324
-0.15389 -0.03811 -0.27665
-0.15389 -0.00387 -0.32070
-0.15389 0.01921 -0.31098
-0.15389 -0.01799 -0.31740
-0.15860 0.10189 0.26900
0.16563 0.01148 0.28788
-0.16080 0.11607 -0.16553
0.16993 -0.02199 -0.00047
0.17108 0.00059 -0.35926
-0.12082 0.01598 -0.14943
-0.00963 0.01898 0.09140
-0.00462 0.01950 0.05956
-0.16846 0.15305 0.20205
-0.15290 0.03101 -0.15167
-0.10245 -0.01400 0.10345
0.06865 0.10851 -0.13864
0.13543 0.01124 -0.14941
-0.15335 -0.04194 0.01932
-0.09036 0.06107 -0.22875
-0.10981 0.15595 0.30878
-0.12378 -0.15595 -0.40713
0.13626 0.02696 -0.10255
-0.11405 -0.04039 -0.07957
-0.10537 0.14522 -0.16953
-0.09378 0.02107 -0.24987
-0.09610 0.00895 0.25413
-0.08461 0.00604 -0.02351
-0.13060 0.18740 -0.17714
-0.15815 0.10942 -0.39787
-0.11164 -0.03593 0.38785
-0.12230 0.03236 -0.13850
-0.14369 -0.01193 -0.12617
-0.08868 0.00271 -0.00371
-0.15797 0.19334 -0.34036
0.14442 0.10126 0.14274
-0.15375 0.01199 0.15146
0.03267 -0.03051 -0.14717
-0.13806 0.05988 0.14489
0.10487 0.09368 -0.12994
-0.01898 -0.04519 0.16834
0.03786 -0.04519 0.18154
0.05701 -0.04519 0.19688
-0.03154 -0.04519 0.17586
0.06598 -0.04519 0.23028
-0.00492 -0.04519 0.17160
0.02320 -0.04519 0.16342
0.16337 0.01425 -0.25486
-0.09073 0.07549 -0.27981
0.08989 0.02603 -0.05296
0.09019 0.02604 -0.02273
-0.10090 -0.00925 -0.27661
-0.14348 0.01027 0.40915
-0.09044 0.05431 0.02799
-0.11284 0.16254 0.10970
-0.17185 0.17683 0.36538
-0.14419 0.05711 0.41205
-0.10714 -0.02622 0.08860
0.00535 0.02053 0.21522
0.00082 0.02007 0.18563
0.05773 0.02453 -0.37794
0.05955 0.02463 -0.27539
0.00574 0.02057 0.24411
0.01964 0.02177 0.26423
0.04221 -0.02757 0.40122
-0.09234 0.03054 0.36651
0.15086 0.02334 0.03508
-0.12234 -0.02573 0.41395
-0.10171 0.13486 -0.05197
-0.15389 0.04400 -0.03533
-0.09043 0.06593 0.18648
-0.09573 0.01067 -0.27960
-0.16551 0.14028 -0.26618
0.14625 0.02511 0.30128
0.09682 0.10702 -0.12920
-0.09429 0.10581 -0.28835
-0.10829 -0.02867 -0.02513
-0.11870 0.08086 0.40006
-0.14120 0.15046 0.39815
-0.03139 0.01650 0.02732
0.02968 0.02263 0.17800
0.01522 0.02139 0.17025
-0.13103 -0.06352 -0.14949
-0.13379 0.07848 -0.14909
0.08709 -0.00141 -0.40331
0.05755 0.10873 -0.13873
0.16818 -0.02567 -0.05274
-0.09183 0.08936 0.21227
0.14360 0.09759 0.14751
-0.08118 -0.04176 -0.06975
0.10502 -0.02492 0.14560
-0.10662 -0.02467 0.14560
-0.15389 -0.03063 -0.19706
-0.14212 0.09584 0.14762
0.06072 0.09642 0.42608
0.07465 0.01086 0.12715
0.11222 0.10553 0.41923
0.14894 -0.04038 0.15526
-0.16883 0.15450 -0.27439
0.15779 0.01927 0.03152
-0.13925 0.04486 0.40339
-0.08795 -0.03713 0.26062
0.12690 -0.02013 0.41540
-0.14843 0.19499 -0.08561
0.02148 -0.03216 0.13348
0.07157 -0.02740 0.13348
-0.09050 0.05267 0.20263
-0.14526 -0.04588 0.21075
-0.12221 0.10078 0.12436
-0.06849 -0.03533 -0.41409
0.06808 0.10672 -0.42681
-0.15113 0.04979 -0.15030
-0.16473 0.13658 0.23161
-0.17208 0.16786 0.37109
0.14481 0.02004 0.42055
0.13188 0.00819 0.42182
-0.08058 -0.04451 0.41134
0.03281 0.09592 -0.14895
-0.05426 -0.04451 -0.13213
0.07032 -0.04451 -0.13252
0.12707 -0.02759 -0.14250
-0.16966 0.15812 0.15359
-0.04813 0.01229 -0.15647
-0.11406 -0.04021 -0.28360
-0.16720 0.14769 0.08222
-0.11235 0.16134 -0.02119
0.14671 0.02465 0.11196
-0.09484 0.01506 -0.09453
0.17236 -0.01224 -0.34174
0.04117 -0.01253 0.14426
-0.09897 -0.00260 -0.03554
-0.16017 0.19244 -0.01796
-0.02065 -0.04519 -0.04446
-0.04931 -0.04519 -0.04652
0.09664 -0.04519 -0.00939
-0.00773 -0.04519 -0.03781
0.06968 -0.04519 -0.00701
-0.03778 -0.04519 -0.05710
-0.02753 -0.04519 -0.05846
-0.03888 -0.04519 -0.03418
-0.03780 -0.04519 -0.02022
0.03963 -0.04519 -0.00146
-0.01976 -0.04519 -0.07775
-0.05803 -0.04519 -0.01510
-0.14583 0.19472 -0.21519
-0.11518 0.16721 0.35357
0.17179 -0.01605 -0.28024
-0.09430 0.01798 0.36067
0.04662 -0.01476 0.12771
-0.15440 0.06173 0.25062
-0.15389 -0.02427 -0.24665
-0.15389 -0.02928 -0.26029
-0.15389 -0.03565 -0.21955
-0.15389 0.00933 -0.25777
0.12669 -0.08273 -0.14043
0.13981 0.02658 -0.05554
-0.08403 0.00645 0.35826
0.09594 0.10662 -0.42634
-0.16303 0.12832 -0.11169
-0.13708 0.01407 0.14762
0.12794 0.03183 0.40700
-0.15088 0.19507 -0.19190
0.13506 -0.08375 -0.40174
-0.13787 0.02956 0.39815
-0.09160 0.03699 0.02210
-0.16097 0.11700 0.06881
-0.09636 -0.01051 -0.34296
-0.14934 0.18801 -0.14943
0.05077 -0.02329 -0.41189
0.05386 -0.00726 -0.12953
0.13329 0.09017 0.40901
0.10457 0.02652 0.22209
-0.03311 -0.00217 0.14433
-0.11316 0.16305 -0.08699
0.13114 0.03714 0.12624
-0.09281 0.02721 0.22183
-0.12444 0.18197 -0.37759
-0.09127 0.08296 -0.20262
-0.05931 -0.04451 0.14404
-0.04904 0.08728 0.41569
0.14728 -0.00791 -0.40793
-0.17034 0.16043 0.03490
0.04893 -0.00741 0.14426
-0.10044 0.13081 0.28488
0.13649 -0.02828 0.12758
-0.16894 0.15493 0.07962
0.10878 0.02665 0.03542
0.11920 0.02682 0.01970
0.07320 0.01092 -0.40270
0.16028 -0.03337 -0.39171
0.17022 0.00310 -0.00174
-0.09141 0.08491 -0.29716
-0.12234 -0.03477 -0.13828
-0.09391 0.10375 0.32713
-0.07666 -0.02228 -0.40325
-0.14739 -0.04588 -0.10023
-0.13305 0.10670 0.12436
0.05769 0.02453 -0.29392
-0.14833 -0.04585 0.32034
-0.14183 -0.13657 -0.41922
-0.02778 0.09261 -0.40006
0.15863 0.01865 -0.34996
-0.11748 0.17138 0.22620
-0.11690 -0.02996 -0.39996
0.07603 0.09565 -0.14709
0.15945 -0.02602 0.39709
0.12986 0.00594 0.14426
-0.09372 -0.02989 -0.25787
-0.10374 -0.01762 -0.17167
-0.08773 -0.00025 0.11846
0.14633 -0.03996 -0.14480
-0.12280 0.01986 -0.41518
0.15817 -0.03713 0.01961
-0.12646 0.14922 -0.12617
-0.14066 -0.04588 0.01980
-0.09309 0.09856 0.29454
-0.12504 -0.05386 -0.41974
0.11348 0.02673 -0.06962
0.10985 0.02667 -0.08019
0.13695 -0.12126 -0.12785
-0.00771 0.01850 -0.11539
-0.16580 0.15822 -0.12576
-0.14074 -0.08254 -0.14656
-0.11961 -0.04465 0.05721
-0.14695 0.13488 0.14762
-0.12718 -0.04588 0.02550
-0.16958 0.18304 -0.18897
-0.09186 0.08958 -0.24583
-0.15802 0.09791 -0.17077
-0.09135 0.03961 0.17562
0.13682 -0.03369 -0.12784
0.02077 0.00383 -0.12943
0.02729 -0.00925 -0.12953
-0.16066 0.11529 -0.15805
0.13960 0.00845 0.42315
0.03477 0.02299 0.25410
-0.16411 0.13367 -0.05730
0.03091 -0.03960 -0.12356
0.04607 -0.01104 -0.14607
-0.07605 0.01009 -0.35710
0.17115 0.00032 -0.09417
-0.07231 -0.02749 0.14443
0.17008 0.00347 -0.35301
-0.15870 0.10256 0.01630
-0.04790 -0.03996 0.13348
-0.13954 0.03361 0.42133
0.11897 -0.04423 -0.38973
-0.01627 0.01830 -0.28856
-0.12285 -0.06886 0.40908
-0.11108 0.15568 0.12009
-0.09039 0.06280 -0.04792
0.14833 -0.03584 0.41307
0.10137 0.02642 0.37160
0.09408 0.02617 0.33488
-0.15493 0.06875 0.20002
0.17157 -0.01047 -0.15947
0.15865 -0.03677 0.10143
-0.08965 -0.03552 0.17917
0.13618 -0.06281 0.40161
-0.17101 0.16308 0.04243
-0.15389 -0.02274 -0.17616
-0.00026 0.01995 0.24843
0.15208 0.02278 0.37700
-0.09315 -0.00281 -0.23766
-0.16796 0.15100 -0.17386
0.13547 -0.08235 0.12436
-0.09394 -0.02952 -0.06976
-0.15989 0.11051 0.28215
0.09736 0.02628 -0.06783
0.10489 0.02653 -0.07432
-0.15236 0.02455 0.14897
0.00760 0.00553 0.12732
0.13044 -0.12452 -0.40414
-0.17013 0.15955 -0.28934
-0.15618 0.08233 -0.08267
-0.11615 0.16897 -0.09343
0.13408 -0.13553 0.14553
-0.14406 0.06044 -0.13686
-0.12495 -0.13610 -0.13157
0.02097 0.02188 0.22138
-0.10069 -0.00858 0.22790
0.06154 0.10871 0.41590
-0.10017 -0.00687 -0.25983
-0.09503 -0.00651 0.36044
-0.06313 0.09134 -0.42681
-0.13972 -0.14717 0.12619
0.03795 -0.04279 -0.41377
-0.04267 -0.01847 -0.12953
-0.09807 0.00077 0.22336
-0.15916 0.10587 0.11545
-0.16095 0.19202 -0.34925
0.12663 -0.15374 -0.41464
-0.14371 0.00261 0.40998
-0.17244 0.17303 0.02399
-0.09708 -0.01574 0.28884
0.06369 0.02484 -0.18762
0.14563 -0.04345 0.23958
0.00509 -0.03341 0.14624
-0.04911 0.08730 0.12367
0.11903 -0.04451 0.13922
-0.14381 0.04939 0.40979
-0.09035 0.06041 -0.34809
-0.09462 -0.02811 0.17131
0.12668 -0.14502 -0.41143
-0.07974 0.09377 -0.41348
0.14413 -0.02818 0.12723
0.10805 -0.01639 0.14426
-0.02914 0.09278 -0.12627
0.04628 0.02378 0.05898
-0.15389 0.01390 -0.20932
-0.15389 0.00471 -0.17675
-0.15389 0.01996 -0.18201
-0.15389 -0.01470 -0.20258
-0.10949 -0.03122 -0.01766
-0.09680 -0.01276 -0.34828
-0.15908 0.10517 0.22342
-0.17125 0.16400 0.05060
-0.11981 0.17562 -0.26672
0.02796 -0.00958 -0.14607
-0.14334 -0.16544 0.13075
-0.06800 0.01161 0.33059
0.13452 0.01650 0.39952
0.13267 -0.14592 -0.12888
-0.12509 0.10747 0.39815
-0.11624 0.16928 0.15572
-0.03888 0.00947 -0.15118
-0.09052 0.05205 -0.23841
0.11930 -0.00669 -0.40331
-0.09040 0.06371 0.01316
0.14825 0.07768 0.13393
-0.15412 0.05735 0.22674
0.13911 0.02668 0.19818
-0.04261 0.01513 0.23326
-0.04123 0.01530 0.26048
0.17207 -0.01427 -0.22567
0.02337 -0.03957 -0.15207
-0.09740 0.00336 -0.11402
-0.15826 0.09955 0.36006
-0.09181 -0.00088 -0.33860
-0.09074 0.04802 0.35454
-0.02216 0.01747 -0.16329
-0.16468 0.13638 0.36304
-0.03583 -0.02329 -0.13843
-0.12247 0.03861 0.13614
0.12652 0.02134 -0.13953
0.14607 0.07186 -0.40586
-0.13950 0.06311 0.13289
0.10762 -0.00843 -0.12953
0.07718 -0.02393 0.40150
-0.02419 -0.02164 -0.12953
-0.13073 0.08816 0.12436
0.13850 0.01094 -0.40168
0.17107 0.00064 0.17182
-0.11220 -0.03699 -0.03269
-0.12342 0.18121 -0.15709
-0.12885 -0.04588 -0.26476
0.01440 -0.00009 -0.40331
-0.13106 0.18794 0.33625
-0.12372 -0.04587 0.06323
-0.15165 -0.04368 0.08107
-0.12064 0.17620 0.39309
-0.10636 0.04172 -0.39996
-0.13395 0.16352 0.14762
-0.13951 0.07844 0.12436
0.15248 -0.04070 0.19443
-0.14357 0.04856 0.13855
-0.02761 0.01697 0.22190
-0.02747 0.01698 0.22976
-0.15389 0.03642 0.06557
-0.15389 0.00016 0.10096
-0.07434 0.01055 -0.23059
-0.15389 0.00329 0.22563
-0.15634 0.08380 0.24138
-0.07719 -0.04451 0.40432
0.14609 -0.04329 0.34988
-0.15814 0.16767 -0.12617
0.12933 0.02623 0.15816
-0.14394 -0.03608 0.41419
-0.02481 -0.03496 -0.40079
-0.08925 -0.03591 -0.06716
-0.17244 0.17226 -0.04834
-0.03123 0.01652 -0.18902
0.13130 -0.06867 -0.14767
-0.05019 0.01412 -0.09600
-0.08523 0.00561 -0.31788
0.14417 -0.02603 -0.42102
-0.14258 -0.04588 -0.29786
-0.09696 0.00525 -0.01267
-0.15389 -0.02734 0.16389
-0.12822 0.11915 0.14762
-0.13051 -0.16786 -0.12814
-0.09440 0.01738 0.08365
0.07384 0.02535 -0.32650
0.08147 0.02574 -0.31116
-0.10480 -0.02051 0.20542
-0.12561 -0.04588 0.11230
-0.16292 0.19056 -0.25216
0.10238 0.10202 -0.15302
-0.07374 -0.04424 -0.01117
-0.10675 0.05222 0.14762
-0.17124 0.16390 0.25864
-0.10683 0.14888 -0.09197
-0.10065 -0.00845 -0.25272
0.06233 0.02477 -0.26146
0.14696 0.07146 0.14032
-0.05032 0.01410 -0.28626
-0.15588 0.15733 0.39815
-0.11467 0.16626 -0.27062
-0.13692 0.08444 0.12436
0.08223 0.00400 -0.14607
-0.15410 0.06933 -0.12302
0.14475 -0.09338 -0.42044
-0.15827 0.09960 -0.00620
0.10475 0.01383 -0.40219
0.08532 -0.02827 0.40130
-0.09503 -0.02715 -0.03054
-0.16326 0.12944 -0.07564
0.12885 -0.06849 0.14183
-0.12397 0.07094 -0.40006
-0.13159 -0.18629 0.14592
-0.16027 0.11278 -0.06454
0.02719 0.10569 -0.40006
0.16277 -0.03298 0.32280
0.13302 0.00334 0.40150
0.05121 0.09941 -0.42681
0.16142 -0.03437 0.19012
-0.03033 0.01663 -0.01970
-0.12090 0.06943 -0.13112
0.14205 0.08891 0.42538
-0.15773 0.09560 0.07804
-0.07515 0.08191 -0.14190
-0.09670 -0.01238 0.17037
0.16779 -0.02635 0.05891
-0.02206 0.09142 -0.14397
0.08458 -0.04519 0.09640
0.12592 -0.04519 0.09663
0.09070 -0.04519 0.06726
0.12995 -0.04519 0.05042
0.06992 -0.04519 0.09730
0.08175 -0.04519 0.10298
-0.12967 -0.00867 -0.14908
-0.13880 -0.13899 -0.12952
-0.04206 0.10121 0.13202
-0.17085 0.16239 -0.18407
-0.11808 0.09078 0.14762
-0.15389 0.05103 0.31430
-0.10272 0.08315 0.14762
-0.14242 -0.04588 -0.38760
-0.09132 0.05060 0.15624
-0.00857 0.10415 -0.15302
-0.13098 0.05966 -0.12617
0.17114 -0.01853 -0.24665
-0.09564 -0.02569 0.05821
-0.13921 0.19272 -0.25495
0.06502 0.02491 -0.17202
0.02063 0.02185 -0.06745
0.02805 0.02249 -0.02203
-0.12285 -0.04583 0.37591
-0.15389 -0.03394 -0.38219
-0.09045 0.06723 0.08222
-0.17042 0.16079 0.21435
-0.10435 0.14249 0.03418
0.07010 0.02516 0.24055
0.05800 0.02455 0.23370
0.12143 0.02686 0.08982
0.13309 0.02705 0.05492
-0.13387 0.16054 -0.12617
-0.07275 -0.04437 0.20282
0.13144 -0.06043 -0.40345
-0.03892 -0.02697 0.12765
0.14675 -0.17235 -0.40687
-0.13932 -0.10966 0.14384
0.12790 0.08338 -0.40745
-0.15755 0.09411 0.23840
-0.09421 -0.02905 0.10834
-0.16240 0.12496 0.17628
-0.15710 0.09054 -0.17906
0.01161 0.02108 -0.26799
-0.10178 0.07172 0.14762
0.13970 0.04914 0.40182
-0.09570 -0.02552 0.03189
-0.15389 -0.02144 -0.38735
0.14808 -0.08837 -0.41057
-0.11994 0.08294 -0.14878
0.16894 -0.02416 -0.18987
-0.09365 -0.03001 0.37092
0.12722 -0.10001 -0.14299
-0.15956 0.19269 0.17728
-0.15520 0.19436 -0.25453
-0.14832 0.04187 0.14762
0.07516 0.02542 0.22498
-0.09515 0.01353 -0.26663
0.13473 0.02702 0.08543
0.03565 -0.04139 0.15192
-0.15389 0.02501 0.07883
-0.15389 -0.00470 0.06818
-0.15389 0.01867 0.09219
0.17170 -0.00170 -0.19446
-0.00694 0.09826 0.12076
-0.15389 -0.03676 -0.26374
-0.15389 -0.02192 -0.22357
-0.15389 -0.03067 -0.23316
0.15236 0.02263 -0.09517
0.09479 0.09805 0.14751
-0.15389 0.04025 -0.01645
-0.17133 0.16426 0.10245
-0.09689 -0.02053 -0.31641
0.03362 0.10850 -0.41511
-0.09886 -0.00227 0.10461
-0.15389 -0.00972 0.38034
0.08890 -0.04518 0.16307
-0.10932 0.15490 0.26096
0.08658 0.10771 0.13634
-0.08060 0.08067 -0.13046
0.09540 -0.02173 -0.40331
-0.01667 0.01825 0.35623
-0.00291 0.01968 0.28539
-0.14883 -0.00528 0.12436
0.13611 -0.00502 0.12771
0.00294 -0.03623 0.41409
-0.16662 0.18734 -0.16156
0.15338 0.02206 -0.10743
-0.00764 -0.03486 -0.40090
0.15493 0.01141 0.14796
-0.09116 0.04311 -0.11421
-0.14034 -0.04588 0.26262
-0.09416 -0.00473 -0.17032
0.14091 0.02643 -0.32602
-0.14385 0.19434 -0.37957
-0.00173 -0.03473 0.12536
0.12784 0.08960 -0.41768
0.00602 0.02060 0.06829
-0.15629 0.10450 -0.15056
-0.10947 -0.04451 -0.13693
0.01870 0.02169 0.23930
0.01710 0.02155 0.21542
-0.12815 0.06705 0.13858
-0.14570 0.01785 0.14762
0.08720 0.10763 0.42552
0.14530 0.06107 0.42005
-0.09176 -0.00077 0.24525
0.12415 0.02690 0.18513
0.13121 0.02702 0.19456
-0.15857 0.10177 -0.38064
-0.00692 0.01926 0.36803
-0.00912 0.01904 0.34291
-0.08871 0.00266 -0.18131
-0.12818 0.18561 -0.19512
-0.06579 0.01192 0.03985
-0.09403 -0.00444 0.29866
-0.11345 0.07387 -0.12617
-0.09083 0.04638 -0.21190
-0.14317 0.02689 -0.13431
-0.16260 0.12598 0.28237
-0.13868 0.14434 0.39815
-0.12326 0.06843 -0.40799
-0.09369 0.02160 0.05232
-0.01775 -0.02329 -0.40997
-0.06456 -0.02329 -0.40425
-0.11159 -0.03570 0.00818
-0.09248 0.09420 -0.09482
0.14818 -0.18619 0.13302
-0.12247 -0.18007 0.13698
-0.01448 0.09281 0.12133
-0.14426 -0.10713 -0.13890
-0.10468 -0.02026 -0.37293
-0.11303 0.07299 -0.42670
0.12695 -0.16675 0.40922
0.05836 -0.04519 -0.36038
0.12662 -0.04519 -0.34291
0.09234 -0.04519 -0.31978
0.11279 -0.04519 -0.37263
0.13351 -0.04519 -0.29909
0.05054 -0.01300 -0.40331
0.04438 0.02341 -0.38683
-0.09683 -0.01294 0.23403
-0.14261 0.16945 -0.12617
0.01638 0.02149 -0.29302
0.00996 0.02093 -0.28043
-0.12267 -0.01596 0.41453
-0.11384 0.16450 -0.01261
-0.16485 0.13716 -0.02980
-0.01974 0.01793 -0.05635
-0.02927 0.01676 -0.05278
-0.10440 -0.01939 -0.22434
-0.11621 0.10796 0.39815
0.01055 -0.04356 -0.39025
0.14243 -0.10972 -0.12918
0.17238 -0.01196 0.03253
0.04889 0.02396 -0.20848
-0.15805 0.09809 0.10846
0.07572 -0.00376 -0.40331
0.17060 -0.01461 0.38950
-0.09246 0.09396 -0.23752
-0.15856 0.19315 -0.10636
-0.12919 -0.10892 -0.42272
-0.09049 0.05290 0.05724
-0.12280 -0.15589 -0.41576
-0.15829 0.11323 0.14921
-0.14321 -0.02816 -0.40855
-0.11419 0.12101 -0.12617
0.00611 -0.04102 -0.15333
-0.10222 -0.01320 0.07460
0.16973 0.00437 -0.02378
-0.02806 0.09674 -0.42681
-0.05353 0.01365 -0.33711
-0.05195 0.01387 -0.38035
-0.15389 0.04984 0.33479
-0.15389 0.00001 0.38108
-0.15389 -0.01906 0.36024
-0.10908 -0.03034 -0.22633
-0.12993 0.07977 0.13263
0.13565 -0.15605 0.12423
0.17091 0.00121 -0.08079
-0.13587 0.17360 0.14762
0.00085 0.02007 -0.27413
-0.00476 -0.02055 -0.14607
-0.13148 -0.04588 0.27693
-0.12558 0.05583 -0.14660
-0.09948 0.12769 0.35211
-0.11424 0.02196 0.14762
-0.11805 0.17242 -0.01882
-0.08517 0.09142 -0.40015
0.17002 0.00362 -0.26218
0.00311 0.10682 0.40758
0.17190 -0.00275 -0.06352
0.14837 -0.02307 0.41264
0.00696 -0.03605 -0.40036
0.13866 -0.03217 0.14594
0.13915 -0.09620 -0.42320
-0.09204 -0.02430 -0.15390
-0.06997 0.01133 0.25005
-0.06600 0.01189 0.22043
-0.15140 -0.04418 -0.34875
0.15183 -0.03382 0.14919
-0.13603 0.19116 0.07060
-0.15389 0.00208 -0.05363
-0.15389 0.03995 -0.04845
-0.15707 0.09032 0.09213
-0.09064 0.04979 -0.29909
0.13706 -0.04505 0.17999
0.14081 -0.04458 0.35414
-0.13852 -0.14239 -0.40314
-0.09547 -0.01750 0.11628
-0.15389 0.03231 0.35500
-0.15389 0.01753 0.34379
-0.15389 0.01189 0.35729
-0.13245 -0.09594 0.12414
-0.11458 -0.04085 0.24409
0.08886 -0.04398 -0.15936
-0.15443 0.06215 0.09365
0.15942 0.01232 -0.12228
-0.10521 0.07746 -0.12617
-0.07775 0.00951 0.32988
-0.09045 0.05407 0.24630
0.03823 0.02323 -0.02303
0.03823 0.02323 -0.05469
-0.17221 0.16840 -0.10897
-0.09996 0.12743 -0.11856
-0.14944 -0.04567 0.04916
-0.05625 0.01327 0.23938
-0.06468 0.01208 0.19197
0.02573 0.02229 -0.37942
-0.14466 -0.04588 -0.03659
-0.14601 0.19473 -0.05615
-0.09076 -0.01051 0.15031
-0.17125 0.16402 0.35150
-0.09132 0.03987 0.08981
0.15091 -0.01092 0.40150
0.10710 0.02661 -0.33108
0.10177 0.02643 -0.36935
0.07933 -0.04451 -0.40484
-0.13906 -0.04588 -0.31375
-0.11204 0.16068 -0.26653
-0.16334 0.12989 -0.20658
-0.16813 0.15170 -0.30583
0.10886 0.02665 -0.18331
0.11975 0.02683 -0.23891
-0.13856 -0.01752 -0.14943
0.11716 0.00599 -0.40331
-0.17055 0.18093 0.20043
-0.09300 -0.00257 -0.21209
-0.17250 0.17193 -0.38769
-0.09297 -0.00256 0.02197
-0.03283 -0.04438 -0.38870
-0.00873 0.01908 -0.07176
0.04488 -0.03349 0.14608
-0.16289 0.12748 -0.02635
-0.05929 -0.04345 0.15577
-0.14317 -0.15975 -0.41711
0.03832 0.09605 0.40827
-0.01957 -0.04193 -0.12120
-0.15389 -0.01017 0.18971
-0.15389 0.00898 0.15739
-0.15389 0.02637 0.18431
0.14749 -0.04818 -0.14260
-0.16496 0.13770 -0.04791
0.14641 0.02567 0.40637
0.14034 -0.00304 -0.12953
-0.10598 -0.02364 -0.38260
-0.13970 0.13460 -0.12617
-0.08972 -0.03541 0.03606
0.16461 -0.03088 -0.08370
-0.06425 0.00736 -0.15260
0.14133 0.02213 -0.12851
0.13761 -0.18409 -0.40153
-0.09092 0.07818 0.18977
-0.15210 0.01872 -0.39890
-0.05044 -0.04294 -0.15704
0.13132 -0.09233 0.42151
-0.12248 0.18026 0.21907
0.01855 0.02167 0.30099
-0.03943 0.01386 -0.15734
-0.09356 0.10171 -0.25766
-0.16621 0.18771 -0.21320
-0.00190 0.09374 0.40215
-0.15568 0.07746 0.34231
-0.16960 0.18300 -0.34612
0.16462 -0.03087 0.33400
0.14453 -0.04376 -0.03561
-0.09090 0.07795 0.21881
-0.15529 0.07308 -0.34625
-0.11493 0.15369 0.12388
-0.12233 -0.19134 0.41179
-0.12996 -0.06008 0.12462
0.10546 0.02655 0.09227
0.10748 0.02662 0.07503
-0.04486 0.10081 0.42403
-0.14778 0.05370 0.14762
-0.15408 0.05679 -0.31303
-0.16741 0.14868 -0.37941
-0.03586 -0.04519 0.18978
0.08927 -0.04519 0.25591
-0.03676 -0.04519 0.20050
-0.06355 -0.04519 0.18719
0.03693 -0.04519 0.22825
0.01342 -0.04519 0.26434
0.09842 -0.04519 0.26036
-0.00870 -0.04519 0.24571
0.00910 -0.04519 0.24509
-0.06376 -0.04519 0.25301
-0.03328 -0.04519 0.25274
0.15732 -0.03772 -0.26942
0.07345 0.02528 -0.16444
-0.15392 0.19457 0.35671
-0.11099 0.15852 0.17350
-0.13746 -0.00495 -0.42230
0.09326 -0.00726 -0.14607
-0.16755 0.14919 -0.26238
-0.17244 0.17317 0.30500
-0.14047 0.01687 0.40439
-0.09632 0.08627 0.42681
-0.11717 0.09059 0.39815
-0.05143 -0.02344 -0.13899
-0.12976 -0.01758 -0.39996
0.06484 0.10146 -0.12627
0.12470 0.02070 -0.12454
-0.15990 0.11068 -0.10356
-0.11043 0.15330 -0.39628
-0.15389 0.03499 -0.19892
-0.15389 0.03396 -0.21028
-0.15389 0.00979 -0.19823
0.17118 -0.00709 -0.39086
-0.13442 -0.03902 0.40160
-0.09544 0.11110 0.33875
0.14834 -0.14272 -0.41298
0.06477 -0.04519 -0.33658
-0.03527 -0.04519 -0.38101
0.06224 -0.04519 -0.31937
0.02963 -0.04519 -0.34648
0.03419 -0.04519 -0.35409
0.02271 -0.04519 -0.34329
0.14925 -0.03992 0.11733
-0.14884 -0.04577 0.05548
0.04053 -0.01583 0.12771
-0.06473 0.09555 0.12077
-0.13820 -0.17682 0.40280
-0.09254 0.09453 0.18277
-0.17095 0.16285 0.23342
-0.15389 -0.02601 0.01923
-0.15389 -0.03473 0.04626
-0.15389 0.01767 0.02262
0.10363 0.09379 0.41375
0.16225 0.01539 -0.09175
-0.11813 0.17257 -0.25830
-0.12441 -0.14942 -0.13222
-0.01373 0.01856 -0.00359
0.13143 0.02888 0.12605
-0.11170 0.15996 -0.21857
-0.11447 -0.04077 0.31298
0.14253 -0.16170 0.40287
0.10854 0.02664 -0.30951
-0.08551 -0.00002 -0.39608
0.15615 0.02041 0.07233
-0.09698 -0.01385 0.09722
-0.03939 -0.00255 -0.40321
-0.07005 -0.02329 0.40806
-0.08403 0.00641 0.26793
-0.14919 0.08808 -0.12617
0.17241 -0.00678 -0.34353
-0.03652 0.01588 -0.34907
-0.02963 0.01672 -0.34102
0.05715 0.01957 -0.12322
-0.14632 -0.04588 0.36203
-0.16812 0.15167 -0.09577
-0.00637 0.01565 0.39365
0.06515 0.02080 -0.39603
-0.15389 0.01485 -0.28854
-0.15389 0.03874 -0.27940
-0.09094 -0.03389 0.16176
0.16844 0.00701 -0.09541
0.04315 0.02356 -0.27529
0.03811 0.02322 -0.29672
0.11123 -0.00691 -0.40331
0.13964 -0.02265 0.40150
-0.11145 -0.03538 0.36436
0.14409 0.02574 -0.25999
-0.14358 -0.03090 -0.39996
-0.16966 0.18292 -0.37859
-0.07024 -0.01667 0.14426
0.10609 0.02137 0.12177
-0.09095 0.04444 -0.38546
-0.08747 -0.01253 0.39842
-0.09808 0.00074 0.35299
-0.15501 0.06968 -0.27977
-0.10072 0.13171 0.18928
-0.07096 -0.02715 0.40197
-0.07752 -0.02444 0.40197
0.09986 -0.03379 0.40197
-0.09627 -0.01014 -0.07819
-0.15981 0.11003 -0.07290
0.15816 -0.02410 -0.40042
-0.09061 0.07396 -0.08725
0.03521 -0.01693 -0.14607
0.16019 0.01733 0.33442
-0.16024 0.11259 -0.04917
0.02368 -0.02329 0.40680
-0.01053 0.10549 0.41858
-0.02487 -0.02329 0.14560
0.02078 -0.02329 0.13906
-0.12535 0.08659 0.12436
0.14584 0.01564 0.12823
-0.14856 -0.04582 -0.06414
0.03207 -0.04103 0.12049
-0.13247 0.04633 -0.12782
0.14308 0.00463 0.14426
-0.09547 -0.00766 -0.26458
0.13059 -0.16387 -0.42106
-0.14770 -0.04588 0.11930
0.10521 -0.04451 0.40753
0.02674 0.10832 0.14235
-0.12996 -0.04447 0.39698
-0.11457 0.08423 -0.40073
-0.09074 0.07572 0.20755
0.14508 0.03334 -0.13097
-0.07951 -0.02769 0.41409
-0.13768 0.19197 -0.02989
0.15649 -0.03829 -0.04239
-0.04759 0.01449 0.05787
-0.09750 0.02466 0.39535
0.07015 0.02517 0.30297
-0.15389 0.02085 0.10894
0.12131 0.00287 0.14426
-0.09404 -0.00448 -0.35357
0.15659 -0.03823 -0.10423
-0.14914 0.19506 0.02611
-0.13466 -0.02859 -0.40164
-0.03239 0.01638 -0.10342
-0.03679 0.01585 -0.10041
-0.06756 0.01167 -0.38301
-0.05451 0.01351 -0.32306
0.00265 -0.02499 0.13380
-0.16758 0.14931 -0.02456
-0.10547 -0.02236 0.24534
-0.09398 -0.00490 -0.16205
0.10600 0.02542 -0.15867
0.16559 0.01152 0.10351
0.11422 0.02674 -0.26296
0.00213 -0.00239 -0.14607
-0.03381 -0.03198 -0.12806
-0.10734 0.15020 -0.06149
-0.05528 -0.03957 -0.39762
-0.13928 -0.04588 -0.30264
-0.07972 0.08083 0.41728
-0.15452 0.06351 -0.06514
0.17225 -0.00495 0.02688
-0.15657 0.08608 -0.20990
-0.09081 0.00040 -0.01963
0.14722 -0.05498 -0.14325
-0.12246 -0.14979 -0.41122
-0.10385 -0.01780 0.18470
-0.12194 -0.04553 0.26338
-0.09969 -0.00523 -0.32036
-0.09723 0.00409 -0.29691
0.09375 0.02601 0.11034
-0.09138 0.03929 0.27976
0.12659 -0.04953 -0.41367
0.13362 -0.02952 -0.14886
0.09462 0.02619 0.06971
-0.10144 0.13401 -0.01519
-0.15245 -0.04146 -0.15038
0.14551 -0.04349 -0.21146
-0.09475 0.01551 -0.04166
-0.11892 -0.04478 -0.02758
-0.09062 0.05005 0.36328
-0.15389 0.04079 0.04035
-0.10336 -0.01667 0.11345
-0.14412 0.00636 -0.12617
0.08657 -0.04332 0.11686
-0.15389 0.02352 -0.04058
-0.15389 0.03886 -0.02738
-0.15389 -0.03167 -0.00963
-0.00316 0.09362 -0.12844
0.17230 -0.00529 0.17827
-0.09535 -0.02638 -0.06158
0.13362 -0.17307 -0.14899
0.16516 -0.02995 -0.11288
0.10699 -0.00305 0.14426
0.05031 0.02405 -0.19505
-0.12946 -0.04588 -0.00750
0.05990 -0.04303 -0.40197
-0.06245 -0.03375 -0.40197
-0.15297 -0.04162 -0.06345
0.14666 0.08808 -0.14595
-0.09481 0.10839 -0.09893
-0.16495 0.18906 0.18215
-0.07757 -0.04328 -0.10068
-0.12011 -0.04524 -0.36856
-0.13755 0.10514 0.39815
-0.09150 0.08613 -0.06500
-0.11821 0.14335 -0.39996
-0.02213 -0.03948 0.12160
-0.09675 -0.02131 -0.29452
0.01693 0.09514 -0.40776
-0.12810 -0.07507 0.14471
0.12128 0.02644 -0.16108
0.11500 -0.04284 -0.39337
0.11820 -0.04489 0.16014
-0.12281 0.15717 -0.12617
-0.09034 0.05804 -0.04116
0.12946 -0.11383 0.40505
-0.11839 -0.02925 -0.12617
-0.14068 0.00221 0.12436
-0.16939 0.15665 -0.36037
-0.12608 0.18342 0.01839
-0.11272 0.16215 -0.36745
0.12076 0.02682 -0.38467
0.09606 0.01959 -0.39868
-0.15640 0.08441 -0.07697
0.13675 0.02693 0.36845
0.00829 -0.02776 -0.12818
0.06904 -0.02472 -0.12818
-0.00614 -0.02480 -0.12818
-0.12289 -0.03119 0.13860
-0.09410 0.10483 -0.03665
0.13591 -0.02453 -0.42325
-0.15389 0.02720 0.29796
-0.15389 -0.01069 0.28767
-0.15389 0.00326 0.31475
-0.09701 -0.01415 -0.04472
0.04932 0.00042 0.12771
-0.09040 0.05559 -0.37382
-0.15405 0.05653 0.10823
-0.15389 -0.01224 -0.07904
-0.15389 0.01781 -0.07268
-0.15389 0.01805 -0.08579
0.03406 -0.02329 0.13531
-0.12628 -0.01693 0.42093
-0.09105 0.07993 -0.05623
-0.04028 0.10156 -0.14994
0.06877 0.02510 -0.05518
-0.06750 0.01156 0.38383
-0.09701 -0.01452 0.37281
-0.13100 -0.18799 -0.14949
-0.11095 -0.03434 0.31171
-0.15389 0.04173 -0.32108
-0.15389 0.00363 -0.32140
0.13740 0.02691 -0.36434
0.17247 -0.01020 0.25934
-0.12595 0.06781 0.42197
-0.03997 0.01546 -0.26785
-0.03707 0.01581 -0.23896
0.08413 -0.03739 -0.39921
-0.09707 0.11859 -0.24157
-0.15389 0.03180 -0.01509
-0.01807 0.01798 0.11013
0.01262 0.09489 0.40603
-0.11247 0.08523 0.14213
0.12637 -0.12232 0.41255
-0.11333 -0.03953 0.35819
-0.08136 0.08062 0.42574
0.12653 0.08390 0.13564
-0.09585 0.01010 0.01475
0.15308 0.09485 0.14614
0.10397 0.02286 0.15211
-0.03448 -0.00407 -0.12953
-0.10760 0.15084 0.16606
0.17041 0.00185 0.11178
-0.12197 0.17954 -0.21033
0.03521 0.02302 0.02419
-0.06451 0.09710 0.12788
-0.09699 0.11822 0.04712
-0.15520 0.07204 0.28528
0.14813 -0.04261 0.29485
0.12552 0.02267 -0.15318
0.13695 -0.02167 -0.14969
-0.06649 0.01182 -0.25287
-0.05602 0.01330 -0.23455
0.17057 0.00220 0.33971
-0.15790 0.19337 0.36189
0.04294 0.02355 -0.07132
-0.13132 -0.04588 -0.31665
0.09154 0.02608 -0.24555
0.09241 0.02611 -0.22487
0.12973 -0.07772 -0.42039
-0.11599 0.16868 -0.08419
0.05608 0.02017 -0.39621
-0.17126 0.16402 0.23895
-0.16388 0.13261 -0.10070
-0.12003 0.17602 -0.24801
-0.09773 0.00203 0.23326
-0.09566 -0.02394 0.11296
-0.12048 -0.04249 0.39771
-0.13333 -0.04588 -0.37851
-0.15470 0.06606 -0.08974
-0.14455 0.19453 0.31763
-0.12646 -0.07773 -0.40405
-0.11238 -0.03106 -0.15083
0.17102 0.00080 0.20624
-0.09058 0.07381 -0.16384
-0.00324 -0.02663 0.12768
-0.13642 -0.04588 0.23687
-0.13082 0.01682 0.14762
0.06518 -0.03602 0.13348
0.12183 -0.03479 0.13348
-0.13135 -0.04588 0.24977
-0.12683 0.08079 0.42272
-0.15832 0.09994 -0.08547
-0.15389 -0.01691 -0.03197
-0.15389 0.01560 -0.03080
-0.15389 0.04177 -0.16431
-0.15841 0.10054 0.20978
0.16957 -0.02291 -0.29992
-0.09113 0.00002 -0.26483
-0.15389 -0.01085 0.04967
-0.15389 -0.00626 0.03298
-0.15389 -0.03840 0.04227
-0.12951 -0.02511 -0.14943
-0.09067 0.04924 -0.34406
-0.15389 -0.02460 0.08873
-0.13105 0.18793 -0.07217
-0.11372 -0.03962 0.04500
-0.09926 -0.00371 -0.10352
0.17036 -0.02086 -0.04675
-0.09045 0.06748 0.05179
0.03135 0.02276 0.21044
0.00600 0.00691 -0.14693
-0.12143 0.16413 0.12430
-0.13126 -0.03348 -0.42332
0.05943 -0.04519 -0.20604
0.08642 -0.04519 -0.22642
-0.01688 -0.04519 -0.17551
-0.01996 -0.04519 -0.18032
0.07603 -0.04519 -0.24283
-0.09225 0.03132 -0.19098
-0.02729 0.09074 -0.14012
-0.11475 -0.04152 -0.00465
-0.08762 0.00374 0.26319
-0.15389 -0.00412 0.10725
0.02652 0.02202 -0.11406
-0.10745 0.15047 -0.07517
0.06817 0.02507 0.36978
0.07978 0.02566 0.35354
0.16429 -0.03130 -0.36907
0.10774 -0.04370 -0.11763
-0.02328 0.10046 0.12076
0.04207 0.09667 -0.15259
-0.12353 -0.13956 -0.41754
0.10935 -0.04431 0.41292
-0.09084 0.07712 0.35369
-0.09544 -0.02620 0.01475
-0.09161 0.08746 -0.18562
-0.17060 0.16149 -0.34556
0.02637 0.09794 -0.42681
-0.15389 0.01493 -0.21541
-0.15389 0.02966 -0.23374
0.03379 0.00564 0.12755
-0.16347 0.13053 0.24423
-0.09409 0.01923 0.34835
-0.09526 0.11025 -0.35837
-0.00679 -0.03741 0.14560
-0.06480 -0.04421 0.14560
-0.11401 0.03137 -0.12617
-0.15389 0.03790 -0.35418
-0.15389 0.03668 -0.34418
-0.15389 0.00465 -0.36947
-0.12107 0.01031 -0.39996
-0.14466 -0.00781 -0.14943
-0.09779 0.00183 -0.25714
-0.02823 0.09064 -0.40521
-0.10340 -0.01654 0.24283
-0.15860 0.10194 0.09387
-0.15612 0.08333 -0.15496
0.11473 -0.00624 -0.12953
-0.10238 0.13695 0.19621
-0.08720 0.00409 -0.30864
-0.15418 0.05830 -0.37053
0.02067 -0.04519 0.19441
0.01060 -0.04519 0.19297
0.03551 -0.04519 0.17091
-0.00998 -0.04519 0.18184
0.02839 -0.04519 0.16741
0.04937 -0.04519 0.19701
-0.11515 -0.01254 -0.12617
-0.05723 -0.02009 0.14426
-0.15529 0.07314 -0.04551
-0.17139 0.16452 0.22528
-0.15766 0.09512 -0.37704
0.12151 -0.04519 -0.04779
0.13172 -0.04519 -0.02187
0.12311 -0.04519 -0.02819
0.12183 -0.04519 -0.06462
0.12300 -0.04519 -0.10221
-0.16032 0.11312 -0.25938
-0.14086 -0.11803 0.14258
0.06432 0.02487 -0.04763
0.07260 0.02529 -0.03730
-0.10447 0.05532 -0.14943
0.04059 0.10870 0.41460
-0.15149 0.19499 0.16949
-0.08493 -0.01910 0.14589
-0.15467 0.06565 0.08594
-0.14355 -0.18734 0.41632
-0.03290 0.01632 -0.28087
-0.12429 0.18184 -0.01764
-0.07289 0.01086 0.17575
-0.09171 0.08831 0.31486
0.13665 -0.04506 0.10211
-0.14422 -0.13318 -0.41185
0.16345 0.01417 0.24067
-0.13863 -0.05873 -0.12951
0.14795 -0.09814 -0.14111
-0.10069 0.13161 0.00782
-0.12432 -0.01091 -0.41866
0.07411 0.02524 -0.11192
-0.15389 -0.02129 0.16689
0.07801 0.02557 -0.02029
-0.10068 -0.00855 0.20570
0.01170 0.02108 -0.07487
0.00833 0.02079 -0.02194
0.13711 0.00671 -0.12781
-0.09701 0.11851 0.11193
0.12975 0.02385 0.15274
0.07479 -0.02094 -0.12953
-0.15912 0.10544 0.01070
0.11897 -0.02855 0.13348
-0.15671 0.08730 -0.22438
0.14222 0.00900 0.40132
-0.14378 -0.17549 0.13808
0.12643 -0.13760 -0.41283
-0.02857 0.09060 0.12456
-0.15591 0.07966 -0.28932
0.14749 -0.13582 0.13092
0.14865 0.02430 0.04672
0.17029 -0.02104 -0.37760
-0.16692 0.18682 -0.28882
-0.06636 0.01184 0.18119
0.05547 -0.02329 0.40951
-0.09400 0.01973 -0.19900
-0.09149 0.03809 0.23834
-0.16293 0.12771 0.07358
0.16903 -0.02397 -0.25052
0.14105 -0.04454 -0.33290
-0.09886 0.12543 -0.33969
-0.06190 -0.04519 -0.09725
-0.00749 -0.04519 -0.06356
0.00651 -0.04519 -0.06632
0.05708 -0.04519 -0.02791
-0.05905 -0.04519 -0.07830
-0.04218 -0.04519 -0.04310
0.05094 -0.04519 -0.03580
0.08670 -0.04519 -0.01381
-0.03016 -0.04519 -0.03929
-0.02241 -0.04519 -0.06963
-0.16064 0.11500 -0.35639
-0.15561 0.18312 0.12436
-0.12126 0.17837 0.16022
-0.09099 0.04384 0.01864
-0.12953 0.02635 0.42283
0.01278 0.10752 -0.42206
0.12773 0.09474 -0.40799
-0.09363 0.02190 0.28279
0.12969 -0.09945 -0.40481
0.01263 0.09491 -0.40388
-0.15389 -0.01422 0.17698
0.02153 0.00865 0.12675
0.05958 0.09614 0.42018
0.09175 -0.04519 0.30277
0.05452 -0.04519 0.35601
0.03152 -0.04519 0.33307
0.00677 -0.04519 0.36692
0.02474 -0.04519 0.36969
0.07815 0.10820 -0.40163
-0.12351 -0.04584 -0.03760
-0.16988 0.18238 -0.35159
-0.09069 -0.04395 -0.13950
-0.09488 -0.00615 -0.28846
-0.04016 0.09505 0.14751
-0.11374 -0.03959 -0.23776
-0.15389 -0.01399 -0.10859
0.09581 -0.01365 0.14426
-0.09197 0.03373 0.21936
0.01477 0.01928 0.39100
-0.09798 0.12225 0.17493
0.17139 -0.01760 0.34569
-0.15389 0.02412 -0.34469
-0.15389 0.00769 -0.38549
-0.15389 0.02569 -0.35085
-0.11947 -0.04510 -0.11157
-0.11316 0.16321 -0.11808
-0.11456 -0.00085 -0.12617
0.01013 0.02095 -0.09772
-0.11074 0.15792 0.05645
-0.15252 0.13811 -0.12617
0.14816 0.02448 -0.29113
-0.09044 0.06642 -0.22185
-0.12295 -0.09393 -0.13498
0.14766 -0.12800 0.40868
-0.05874 0.09831 0.12390
-0.09061 0.07390 -0.32336
0.13592 0.02697 0.05982
0.12672 0.05555 -0.13753
-0.15508 0.07060 -0.20353
-0.01571 0.01835 0.05878
-0.00520 0.01944 0.01128
-0.10135 0.04435 0.14784
-0.13794 0.04960 -0.42232
-0.09384 0.04301 -0.39532
-0.06986 -0.02254 -0.40331
-0.02324 0.10397 0.41010
-0.17183 0.17690 0.08727
-0.14938 0.05139 -0.12586
-0.09368 0.02161 0.08689
-0.09414 0.01895 -0.06337
-0.09328 0.09994 0.03031
-0.09561 -0.00816 0.37178
-0.10096 0.04168 -0.12582
-0.09833 0.12348 -0.24857
-0.10863 -0.02938 0.25753
0.10030 0.01939 0.14861
-0.15502 0.06990 -0.36623
-0.09076 0.07154 0.38706
0.16194 -0.03384 0.32928
0.14827 -0.14571 -0.13992
0.08713 -0.00066 -0.12953
-0.09679 0.00594 0.17184
0.12669 -0.19059 0.41508
-0.09269 -0.02606 0.39191
-0.12353 0.07350 0.40761
0.14551 -0.04349 -0.05035
-0.10302 0.13877 0.32237
-0.12400 -0.04588 -0.10141
-0.14387 -0.07058 -0.13659
0.12702 -0.07572 0.13144
-0.15159 -0.04432 0.24721
0.12667 -0.01032 0.12771
-0.06434 0.01212 -0.29789
-0.06727 0.01171 -0.36200
-0.15554 0.07608 -0.01727
-0.08688 0.09213 0.12427
-0.13372 -0.06523 0.42347
-0.09047 0.06851 -0.26411
-0.09172 0.08840 0.01166
-0.08420 0.00632 0.03575
-0.13372 -0.16486 -0.14964
-0.07636 -0.02676 -0.14030
0.13976 0.02659 -0.06149
-0.12958 -0.08119 -0.14905
-0.16301 0.12814 0.22256
-0.13200 0.02030 -0.42339
-0.16662 0.14520 0.33716
-0.06862 -0.04494 -0.33512
0.02634 0.01123 -0.14783
-0.09423 0.10550 0.29111
0.12689 -0.10012 -0.41571
-0.14106 0.06838 0.42424
-0.13801 0.19213 -0.29179
-0.15389 0.04982 0.08726
-0.11945 -0.04472 0.34984
0.12254 -0.04332 -0.41365
-0.14187 0.03067 -0.14544
-0.03381 0.10258 -0.13836
-0.09705 -0.02559 -0.41391
0.01557 -0.02329 0.40728
0.14226 0.07358 0.12529
-0.15465 0.07778 0.39527
-0.10834 0.15260 0.27774
0.13385 0.09014 0.14306
-0.15389 -0.02701 -0.10841
0.15112 0.09689 -0.40073
-0.01961 -0.04511 0.10962
0.17092 -0.01934 -0.02770
-0.09713 -0.01779 -0.07625
-0.13451 -0.15651 -0.42322
0.05727 0.02451 0.30756
0.14705 -0.12266 0.14000
-0.14853 0.19500 -0.03029
-0.15389 -0.00060 -0.15507
-0.12279 -0.16838 -0.41573
0.10779 0.02663 0.26390
0.13563 0.06026 -0.40166
-0.09071 0.04855 0.34878
0.14818 0.04879 0.13362
0.07423 0.10833 0.14311
-0.01136 0.01880 -0.37128
-0.00881 0.01907 -0.34394
0.06461 0.02488 0.22388
0.07896 0.02561 0.26391
-0.09153 0.08654 -0.04526
0.13288 0.02705 -0.21261
0.12351 0.02689 -0.16664
-0.16981 0.16955 0.14869
-0.02149 -0.04451 0.40394
0.04141 -0.04451 0.40497
-0.16087 0.11640 0.29577
-0.13444 0.19021 0.11483
-0.14202 0.08903 -0.12617
-0.09067 0.04924 -0.35263
-0.01029 -0.02488 0.40150
0.14837 -0.09525 0.13489
-0.10850 0.15298 0.36109
-0.04521 0.09615 0.12076
-0.09193 -0.00100 -0.03075
-0.14222 -0.19062 0.12871
0.13240 -0.07896 0.42218
-0.10264 0.13769 -0.19065
-0.03391 -0.03765 -0.15015
-0.12112 0.01893 -0.39996
0.13542 -0.04507 -0.16404
0.09740 0.09613 -0.42681
-0.09892 -0.00248 0.38606
-0.09457 -0.02822 -0.08937
-0.09956 0.12800 -0.37709
0.11819 -0.02329 0.14442
-0.02095 -0.02329 0.14061
-0.09040 0.06340 0.04401
0.06878 -0.03567 -0.12656
-0.09167 0.03643 -0.34441
-0.13110 -0.03511 0.14762
0.13551 -0.07013 -0.12789
-0.13714 0.02335 0.12496
0.15191 -0.02802 -0.14795
0.05052 0.10004 0.14751
-0.15389 0.01115 0.27457
-0.09064 0.07429 0.19374
-0.10171 -0.01175 0.29941
-0.15389 0.03271 0.26802
-0.15389 0.01646 0.25557
-0.14259 0.19400 0.16109
-0.10573 0.14284 -0.39489
0.01766 0.02160 0.28744
0.01121 0.02104 0.29322
-0.10583 -0.02327 0.09828
-0.11150 0.15953 -0.35203
-0.16996 0.15896 -0.10466
-0.14930 0.19509 -0.16625
-0.06757 0.01167 -0.23598
-0.06294 0.01232 -0.24635
-0.14250 0.04725 -0.13296
-0.17065 0.18070 -0.04310
-0.17244 0.17213 0.19550
0.03122 -0.02550 0.14426
0.04179 0.02347 0.28846
0.04586 0.02375 0.27737
0.13983 -0.04471 -0.21643
-0.09831 -0.00013 0.28347
-0.13138 0.03306 0.42333
-0.14345 0.13990 0.14762
0.01956 0.02176 -0.19675
0.14692 -0.05938 -0.40716
0.02890 0.10054 0.40006
-0.12750 -0.01344 0.12585
-0.04387 -0.03994 -0.14030
0.02638 0.02235 0.31500
0.02868 0.02254 0.30855
-0.16862 0.15367 0.21552
0.00145 0.00136 0.14429
0.13444 -0.16120 0.42301
-0.15389 0.04908 0.24135
-0.15389 -0.01174 0.22251
-0.13377 -0.02672 0.13348
-0.09425 0.10561 0.02445
0.14385 -0.02392 0.42119
-0.10179 0.13512 0.29743
-0.12973 0.18663 -0.03007
0.15039 0.02354 0.01216
-0.10726 0.14669 -0.12132
-0.16202 0.12289 0.35024
-0.05378 0.00732 0.39653
-0.07610 0.01008 -0.09407
-0.17245 0.17145 0.26714
-0.09557 -0.00792 -0.00816
-0.09037 0.06181 -0.31780
0.06124 0.02471 0.02799
-0.00144 -0.04152 -0.39549
-0.12502 0.18265 -0.22441
-0.05930 -0.00518 0.14437
-0.11132 0.15928 -0.10813
-0.01642 0.01828 0.22178
0.00014 0.01999 0.27256
-0.15389 0.04510 -0.33205
-0.15389 0.03067 -0.31656
-0.09378 0.10302 -0.28120
-0.12350 -0.04432 0.41749
-0.09044 0.06657 0.23470
-0.13642 -0.04588 -0.05938
-0.17052 0.18099 -0.07091
0.17245 -0.01052 -0.10055
0.11973 0.02683 0.26877
0.13508 0.02601 -0.14940
-0.09471 0.10772 -0.01002
-0.09946 -0.00444 -0.19381
-0.11989 0.09942 -0.12617
-0.10144 0.13401 0.30826
0.11873 0.02681 0.00260
0.12548 0.02693 0.00465
0.08814 -0.04451 -0.13605
-0.09360 0.02208 -0.02730
0.13096 0.09058 -0.12837
0.02815 0.10834 0.41324
-0.12963 -0.04588 -0.20951
-0.15389 -0.03206 0.10360
-0.10654 0.14813 -0.08059
0.16009 0.00370 -0.14923
-0.16448 0.13538 -0.34256
-0.03897 0.01558 -0.37294
-0.02759 0.01697 -0.36040
-0.11154 -0.04451 -0.40420
-0.12387 0.06227 -0.14412
-0.10953 -0.03130 -0.17819
-0.12191 0.17943 0.33695
-0.12421 0.08060 0.14762
-0.15773 0.19345 -0.00705
0.04043 -0.02329 0.13733
-0.01892 0.01802 -0.26517
-0.00722 0.01923 -0.27217
-0.11481 -0.00215 -0.14943
-0.13464 -0.16195 0.14580
0.08561 0.02589 -0.20488
-0.14881 -0.04578 -0.01666
-0.04069 0.01537 -0.01712
0.11795 -0.02924 0.12743
-0.00327 0.01964 0.06981
0.00487 0.02048 0.04303
0.05475 0.02436 0.28710
0.03181 0.02279 0.38062
0.07926 0.02563 0.02593
0.08011 0.02567 0.00684
0.03392 0.02293 0.10747
0.16320 0.01009 0.39224
-0.15389 0.03406 0.16601
-0.11798 -0.04434 -0.33202
-0.07728 0.00968 -0.36228
0.03685 0.02313 -0.23348
0.03630 0.02310 -0.22219
-0.15451 0.06341 -0.27997
-0.09213 0.03225 -0.38149
-0.08368 0.00665 -0.37183
-0.13495 0.06470 0.41795
-0.13806 -0.04588 -0.00177
-0.09147 0.03828 0.24963
-0.03529 0.01603 -0.18074
-0.02254 0.01759 -0.18636
0.07769 0.01747 -0.12607
0.06710 -0.03500 -0.40097
-0.15389 -0.01338 -0.30451
-0.15389 -0.01728 -0.29184
-0.15389 -0.03471 -0.29159
-0.09313 0.02487 0.29785
0.13804 0.02683 0.31844
-0.10691 0.14909 0.00723
-0.11912 0.06992 0.12436
-0.11059 0.07640 -0.15302
0.12692 -0.11224 0.13176
0.13491 0.07562 0.14575
-0.13476 0.19041 -0.05744
0.09498 0.09578 0.42674
-0.15389 0.02215 0.37686
-0.14420 -0.05178 0.13585
-0.09041 0.06424 0.29342
-0.16694 0.14655 0.30454
-0.07979 0.00872 0.03777
-0.08362 -0.04042 -0.17869
0.15502 -0.02593 0.12554
0.08449 0.02585 -0.27770
-0.16048 0.11411 0.09717
0.16700 -0.02759 0.37752
0.14192 -0.04437 0.04150
-0.13634 0.19131 0.04895
-0.08325 0.00691 -0.25831
-0.11972 0.16193 -0.39976
0.04702 0.10029 0.40006
-0.09317 0.02463 -0.37706
-0.09090 0.07789 -0.01645
-0.09676 0.11715 -0.19008
0.03704 0.02315 0.05465
-0.09266 -0.03167 -0.29236
-0.09204 0.07782 -0.12896
-0.10188 -0.01225 -0.23431
-0.09263 0.09521 -0.22704
0.16083 -0.03492 -0.32349
-0.09072 0.00053 0.10097
-0.15154 0.08735 0.12423
-0.16726 0.17885 0.14797
-0.14856 0.03957 0.39815
-0.16463 0.13614 -0.01575
-0.11111 0.15870 0.18903
-0.02469 0.10381 0.14296
-0.09106 -0.00052 0.15940
-0.06849 0.09630 0.14017
-0.13456 -0.10874 -0.42327
0.14184 -0.04439 -0.07811
-0.10084 0.13209 -0.21321
-0.13176 0.02663 0.39815
-0.12235 0.05174 0.41203
0.03083 0.10843 0.42011
0.13616 -0.03600 -0.14956
-0.15981 0.11001 -0.00850
-0.14791 0.19499 -0.39334
0.03492 -0.04451 -0.13714
-0.07878 -0.04286 0.17027
-0.11216 0.01501 0.12436
-0.13042 0.07961 0.40309
-0.10886 0.15382 0.20106
0.05295 -0.04519 -0.26797
0.05142 -0.04519 -0.24390
-0.01925 -0.04519 -0.24592
0.05634 -0.04519 -0.27221
0.02615 -0.04519 -0.21628
-0.03370 -0.04519 -0.26834
-0.06185 -0.04519 -0.24422
0.06756 -0.04519 -0.24048
-0.05071 -0.04519 -0.18106
0.09182 -0.04519 -0.27196
-0.02233 -0.04519 -0.21028
0.02472 -0.04519 -0.23221
-0.03803 -0.04519 -0.20683
0.13037 0.09059 -0.14183
0.10981 -0.04519 -0.23773
0.10968 -0.04519 -0.18482
0.11617 -0.04519 -0.17546
0.07747 -0.04519 -0.19814
-0.10284 -0.02329 0.41092
-0.07113 0.09577 0.40176
-0.08461 -0.03973 -0.10500
0.06009 0.01650 0.12430
0.14741 0.03257 0.41687
0.12881 -0.14070 -0.40578
-0.15389 -0.03826 0.37609
-0.15389 0.05115 0.20377
0.07354 -0.00537 -0.14607
-0.10227 0.13662 0.10079
0.02257 -0.04519 -0.09210
0.03777 -0.04519 -0.05539
0.09787 -0.04519 -0.03109
0.03824 -0.04519 -0.08388
0.00541 -0.04519 -0.07877
0.07188 -0.04519 -0.04717
-0.15216 0.06769 0.14873
0.04009 -0.04506 -0.11127
-0.08662 0.00454 0.01788
-0.13398 -0.04588 0.37038
-0.01226 -0.04451 -0.40922
-0.04958 -0.04451 -0.40715
0.11790 0.02680 0.10394
0.13364 0.02706 0.04127
-0.15695 0.08927 0.25545
-0.11221 -0.03702 -0.36291
0.16653 0.01019 -0.31017
0.10766 0.02663 -0.02287
-0.16283 0.16283 -0.39996
0.07922 0.10422 -0.15302
0.06494 -0.03515 -0.14854
-0.10079 0.13195 -0.18569
0.14593 -0.07938 0.41921
0.09296 0.02613 0.29721
0.09284 0.02613 0.32107
-0.09619 0.11452 0.07898
-0.14874 0.19361 0.39584
-0.14250 -0.01393 0.41822
-0.15447 0.19448 0.28123
-0.09505 0.10931 0.19205
0.14760 0.02345 -0.14240
-0.14313 0.02953 -0.12617
-0.08601 0.00500 -0.19452
0.03257 -0.03788 -0.41409
-0.08809 -0.03698 -0.35518
-0.09637 -0.02323 -0.01260
0.01980 0.02178 0.07865
0.01511 0.02138 0.08984
-0.14426 -0.12175 0.13532
-0.09602 -0.00926 -0.22994
-0.15389 -0.00052 -0.11985
-0.13068 -0.10105 0.42317
-0.09284 0.09675 0.19982
0.02954 -0.02384 -0.12818
-0.15434 0.06076 -0.08570
-0.02383 -0.04519 -0.31257
-0.00889 -0.04519 -0.29939
0.10951 -0.04519 -0.28603
-0.06223 -0.04519 -0.34394
-0.02858 -0.04519 -0.33467
-0.03423 -0.04519 -0.30767
-0.02946 -0.04519 -0.32032
-0.01688 -0.04519 -0.28539
0.02490 -0.04519 -0.32641
0.10325 -0.04519 -0.27753
-0.04768 -0.04519 -0.31890
0.07583 -0.04519 -0.29826
-0.01076 0.01887 0.32982
-0.01708 0.01821 0.30373
0.17119 -0.01834 0.10333
-0.04852 0.08737 0.13481
-0.09725 0.00400 0.26251
-0.09361 0.02202 -0.05611
0.10262 0.00180 0.14426
0.01421 -0.04451 0.14362
0.12195 0.00309 -0.40331
-0.10988 0.15616 0.15727
0.04999 -0.03093 0.40037
-0.16611 0.14300 0.30960
-0.09813 0.00055 -0.22107
0.09187 0.10229 0.12076
-0.14277 -0.12822 -0.14402
-0.13508 -0.10332 -0.14925
-0.10201 -0.01262 -0.35409
-0.10499 -0.02111 0.37012
-0.15485 0.19442 -0.36386
-0.13514 -0.08706 0.42309
-0.06070 0.09211 -0.15302
-0.15443 0.06221 -0.25438
-0.00865 0.10504 0.40039
-0.05488 -0.03271 0.14562
-0.10258 0.13754 0.38461
0.01508 0.02137 -0.00525
-0.15389 0.03005 -0.17906
-0.10851 -0.02912 -0.16764
-0.04392 -0.02733 -0.40321
0.05103 0.02410 -0.33107
0.05411 0.02431 -0.34964
-0.16072 0.11548 -0.22853
-0.13472 0.19038 0.09445
0.15371 0.09962 -0.41304
-0.11467 0.16627 -0.33552
-0.10850 -0.02911 0.23432
-0.06924 -0.04507 0.25808
-0.16566 0.14102 0.28497
-0.11159 -0.03570 0.18179
-0.07798 -0.04314 0.08402
-0.17231 0.16914 -0.06622
-0.15389 -0.00269 -0.27607
-0.11764 0.15215 -0.14943
-0.01848 -0.04337 0.38868
0.06141 -0.04381 0.38838
0.13338 0.02706 -0.25272
0.15259 -0.00838 -0.40330
-0.09182 0.03508 -0.30815
0.04194 0.02348 0.30135
0.05029 0.02405 0.29067
-0.13660 -0.05254 0.12502
0.12844 -0.08885 0.41871
-0.10496 0.13387 -0.39750
-0.05567 -0.01016 0.14426
-0.09293 0.09739 0.07030
0.14772 -0.16313 -0.14218
0.01975 0.02178 0.37400
0.02092 0.02188 0.34921
0.04270 0.02353 0.16338
0.04867 0.02394 0.17381
0.12921 -0.01612 0.41984
0.12821 0.07741 0.14118
-0.10110 0.13301 -0.10559
-0.09165 0.03656 0.35494
0.09704 0.10694 -0.41310
0.15340 0.02205 -0.22450
-0.17189 0.17663 0.29282
-0.15886 0.10372 0.18438
-0.07723 0.08151 0.12224
-0.08464 0.00603 -0.09260
-0.15390 0.07775 -0.39821
0.06557 0.09883 -0.15302
-0.12574 -0.16711 0.40453
0.12911 0.05918 0.40549
-0.00261 0.01971 0.17694
0.14805 0.07959 0.40999
-0.14385 -0.10972 0.13748
0.05721 0.10078 0.42681
-0.11587 0.06087 0.12436
0.08272 -0.04308 0.41371
-0.12226 -0.16287 0.41245
0.15337 0.02206 0.25764
-0.11043 0.09703 -0.39996
-0.11629 -0.01102 0.14762
-0.09575 0.01057 0.28715
0.14751 -0.01249 0.13888
-0.12892 0.18625 0.19566
-0.12309 -0.03869 0.40833
0.13303 0.01178 0.40249
0.00131 0.10664 0.13682
-0.12203 0.07352 0.14762
0.03074 -0.03694 -0.39942
0.13353 -0.13383 -0.40222
0.05743 -0.02110 0.40150
-0.02712 -0.04519 0.09014
0.01766 -0.04519 0.06457
0.05234 -0.04519 0.06845
0.08075 -0.04519 0.05016
0.00874 -0.04519 0.10207
-0.01598 -0.04519 0.09359
-0.02780 -0.04519 0.10813
0.01392 0.10761 -0.40350
0.11198 0.10555 -0.41392
-0.15752 0.09391 -0.19491
-0.15389 0.03720 -0.15772
-0.17069 0.16176 0.29972
-0.09157 0.08705 0.17146
-0.11692 -0.02329 0.40700
-0.04891 0.01266 0.15556
-0.04086 -0.03347 0.13348
0.08807 0.09498 0.13810
-0.10860 0.15321 0.22761
0.00003 0.01998 0.30728
0.00280 0.02027 0.35296
0.14682 -0.03944 -0.12142
-0.10423 -0.04373 -0.40197
0.02465 -0.03796 -0.40197
-0.09079 0.04717 0.24254
-0.09067 0.04923 0.19784
-0.11269 -0.03812 0.33061
-0.12499 -0.04588 0.16372
-0.11691 0.17034 -0.18363
-0.10496 -0.03365 0.13348
-0.11063 0.15779 0.37650
-0.09302 0.09811 -0.18096
-0.05746 0.01309 -0.16746
-0.10570 0.07658 -0.42681
-0.09771 0.00211 0.10900
-0.04883 0.01431 0.23542
-0.05864 0.01293 0.18244
-0.05242 0.01381 0.27873
-0.05947 0.01281 0.29850
-0.04734 -0.00478 -0.12953
0.12641 -0.04283 0.41278
-0.16959 0.15750 -0.22839
-0.12993 -0.04588 -0.01995
0.11497 0.02675 0.34609
-0.13064 0.18744 0.30520
-0.09980 0.09835 0.39727
-0.15539 0.07446 0.37765
-0.03156 0.01648 -0.22987
0.16180 -0.03398 0.21299
-0.08350 -0.04049 0.24829
-0.11624 0.16918 0.16447
0.05907 -0.00109 0.14426
0.17236 -0.00581 0.27001
0.06474 -0.04451 -0.40746
0.12994 0.02700 0.29431
-0.11788 0.02657 -0.12617
-0.09060 0.05051 -0.29236
-0.03780 0.10195 0.42311
-0.09425 0.01817 -0.16692
-0.11536 -0.04210 0.30474
-0.09632 0.00801 0.35157
0.08452 0.10787 -0.14496
-0.03431 -0.03201 0.41409
-0.16318 0.12901 -0.24130
-0.10566 0.14588 -0.26676
-0.16907 0.18414 0.07467
0.03004 0.02266 -0.28584
-0.10025 0.13024 0.34378
-0.09325 0.09968 0.25106
-0.14427 -0.04588 0.38515
0.08644 0.02591 -0.04510
0.09046 0.02605 -0.06033
-0.09664 -0.02196 0.04619
-0.10808 0.15153 -0.15748
-0.16397 0.18979 -0.05089
0.15724 -0.03777 -0.28582
0.16329 -0.03245 0.04847
-0.15535 0.07382 0.30979
-0.10633 0.14710 -0.39177
0.12598 0.01776 0.12495
0.07245 -0.03686 0.14822
-0.11857 0.17337 0.25645
-0.01777 0.01814 -0.09336
-0.10526 0.14484 0.20789
-0.04995 0.09990 -0.13626
0.13788 0.02685 -0.30191
0.13779 -0.18196 -0.14967
-0.12403 0.08162 -0.14531
-0.02830 0.01184 -0.39712
-0.09610 0.01343 0.15449
-0.07824 -0.01245 -0.12939
0.05100 0.02410 -0.36067
0.04825 0.02391 -0.31038
-0.11024 -0.03282 0.20033
-0.06652 0.08384 0.12904
0.03995 0.02335 -0.09689
0.05278 0.02422 -0.06871
-0.14213 -0.06081 0.12884
0.06825 0.02507 0.19851
0.12650 0.09429 -0.15302
-0.04953 0.01421 -0.02089
0.00717 -0.01302 -0.14607
0.16239 -0.03338 -0.30552
0.12311 -0.04155 -0.39548
-0.09058 0.06417 -0.16063
-0.12828 0.18570 0.11713
-0.10618 0.14719 0.20160
-0.15389 0.03280 0.25806
-0.15389 0.03575 0.24912
-0.09600 0.11367 -0.24684
0.16403 -0.02783 0.15422
-0.10169 -0.01172 -0.36500
0.02208 0.02198 0.05181
0.12832 0.07021 0.12917
0.07343 0.02533 -0.36809
-0.05640 0.01324 0.03680
-0.10442 0.14270 0.38814
-0.10874 -0.02962 -0.07577
-0.09676 -0.02130 -0.22456
0.03729 0.02316 -0.00567
0.04470 0.02367 -0.02271
-0.15389 0.02405 -0.22496
-0.15389 0.00928 -0.21944
-0.10168 -0.01168 -0.21605
0.04403 0.02362 -0.22527
0.02458 -0.01772 -0.40331
0.12902 -0.04185 -0.13178
0.15119 -0.04131 0.37915
-0.09510 -0.02699 0.20336
0.11192 0.02670 -0.34970
0.12106 0.02685 -0.27659
-0.15963 0.10896 0.24181
0.14817 0.02181 -0.41137
-0.02337 0.01748 0.27578
0.11497 0.01349 -0.12857
0.01581 -0.04143 -0.12182
-0.09093 0.04470 -0.16841
0.06712 0.02501 -0.07442
0.17244 -0.00728 -0.18900
-0.07411 -0.04432 -0.00120
0.01107 -0.02329 -0.13150
-0.11564 -0.02329 0.13819
-0.09829 0.12331 -0.30932
0.13424 0.03397 -0.14913
-0.09128 0.08310 0.02241
0.15139 0.08775 0.40188
-0.17244 0.17303 -0.33094
-0.14996 0.16254 -0.14943
-0.03673 0.01552 -0.38771
-0.09680 -0.01276 0.03268
-0.12482 0.18246 0.00391
-0.12593 0.18328 0.36799
-0.10886 0.05486 -0.12617
-0.13249 -0.18250 0.40156
-0.17245 0.17164 -0.26584
0.04060 -0.02875 -0.12892
0.14332 0.04138 -0.12970
0.02108 0.10777 0.14676
0.11392 0.02673 -0.09797
-0.09041 0.06402 0.06870
-0.09125 -0.03360 0.33769
-0.00832 0.09491 -0.40006
-0.09053 0.05172 0.18249
0.12639 -0.17758 0.41240
-0.16988 0.15865 -0.06674
0.03198 0.01888 0.39396
-0.15725 0.09180 0.17167
0.01251 0.01312 -0.39977
-0.04498 0.01484 0.21645
-0.15939 0.12651 -0.39926
0.12272 -0.02823 0.14445
-0.16340 0.13017 -0.31152
0.02187 -0.04519 -0.10809
0.03809 -0.04519 -0.07725
0.10489 -0.04519 -0.02960
0.04633 -0.04519 -0.07766
-0.00999 -0.04519 -0.09561
0.04233 -0.04519 -0.08736
0.01457 -0.04519 -0.10800
0.12795 0.03158 -0.13316
0.06140 -0.02564 0.13365
-0.12615 0.18370 -0.31711
-0.15481 0.06729 -0.23217
-0.02615 0.01714 0.08064
-0.02522 0.01726 0.06738
-0.15389 0.02567 0.33136
-0.13228 0.18881 -0.06340
-0.15389 0.03776 -0.09395
-0.09241 0.09360 0.22806
0.07054 0.02495 -0.38683
-0.13686 -0.10293 0.12487
-0.09930 0.05670 -0.39942
-0.09494 -0.00913 -0.39024
-0.09972 -0.00535 -0.22920
-0.01624 0.01830 0.04002
-0.15412 0.05728 0.08017
-0.16930 0.15633 -0.01246
0.16973 -0.02250 0.37474
-0.01607 0.10491 -0.14321
-0.09201 0.03345 0.20621
-0.15839 0.10060 0.15575
0.14049 -0.04462 -0.18962
0.12615 0.02694 -0.33219
-0.08515 -0.01300 -0.40146
-0.05575 0.01334 -0.21504
-0.05182 0.01389 -0.24085
0.02751 -0.03059 0.12657
-0.16066 0.12585 0.12265
0.12799 0.02065 0.41791
-0.09537 -0.02636 -0.25154
-0.07408 0.00450 -0.39811
0.12697 -0.01102 0.41589
0.04453 0.09621 -0.13119
-0.15643 0.08474 -0.33227
-0.09437 0.01757 0.24362
-0.09035 0.05733 -0.17669
-0.12401 0.18160 -0.29354
-0.09046 0.06788 0.35215
0.12799 -0.06760 0.40681
0.10659 0.02659 -0.27650
0.08426 0.02584 -0.32033
-0.15389 0.04719 0.34820
-0.05221 -0.02989 -0.41409
-0.15407 0.05651 -0.19957
-0.11873 0.07007 0.41873
0.06304 -0.02345 -0.14607
-0.09957 0.12804 -0.16313
0.00969 0.02091 0.03596
-0.10496 0.13751 0.15115
-0.09268 0.09555 0.31509
0.12813 0.08295 0.41812
-0.13448 -0.03238 -0.12782
-0.11677 0.17009 0.20302
-0.11750 0.16651 -0.12425
0.14792 0.03662 -0.14153
0.11234 -0.04451 0.14007
-0.12635 -0.05041 0.14345
0.16510 0.01214 -0.03666
-0.03934 0.08892 -0.13222
0.02451 -0.04519 -0.35548
-0.05430 -0.04519 -0.37858
-0.00671 -0.04519 -0.37632
0.09914 -0.04519 -0.29715
-0.02909 -0.04519 -0.36680
0.05884 -0.04519 -0.33423
-0.13484 -0.16246 -0.42321
0.12651 0.09301 0.41201
-0.15389 0.01877 0.17082
-0.15389 -0.01281 0.20038
-0.15389 -0.00817 0.18445
-0.14127 -0.03103 0.14236
-0.10669 0.10901 -0.12617
-0.15445 0.06246 0.34076
-0.15175 0.19492 0.07924
0.14686 -0.12918 0.12975
-0.16466 0.18927 0.01891
-0.15911 0.10537 0.24827
-0.00447 -0.02698 -0.40197
-0.03217 -0.02357 -0.40197
0.06636 -0.02759 -0.40197
0.15068 -0.04152 -0.16460
0.01295 -0.04519 -0.33464
-0.03807 -0.04519 -0.34622
0.06967 -0.04519 -0.30411
0.10953 -0.04519 -0.27553
-0.02280 -0.04519 -0.32197
-0.06154 -0.04519 -0.31918
0.00446 -0.04519 -0.29640
0.00294 -0.04519 -0.33398
-0.05733 -0.04519 -0.31200
-0.05623 -0.04519 -0.37338
0.05393 -0.04519 -0.30538
-0.02190 -0.04519 -0.33909
-0.13869 0.05517 0.40303
-0.15542 0.07465 0.04027
-0.15490 0.06836 -0.30355
-0.12835 -0.04454 -0.15069
-0.08165 0.00780 0.01814
-0.12429 -0.02684 0.14762
-0.15389 0.03526 0.22523
-0.15389 0.02601 0.23256
-0.09074 0.04805 0.21363
-0.13922 -0.04588 -0.33340
-0.09219 0.03185 -0.25145
0.11925 0.10239 0.40006
-0.06411 -0.04519 0.24023
-0.03924 -0.04519 0.23778
-0.05630 -0.04519 0.18862
-0.06202 -0.04519 0.16737
-0.05156 -0.04519 0.26240
-0.01368 -0.04519 0.25329
-0.06180 -0.04519 0.19614
0.03605 -0.04519 0.24878
0.07527 -0.04519 0.27120
0.07536 -0.04519 0.26548
-0.04338 -0.04519 0.24261
-0.10923 0.08746 -0.12617
-0.09170 0.08822 0.08593
0.12882 0.02698 0.35094
-0.15365 0.09282 0.14805
-0.15541 0.07455 -0.21311
0.14419 0.01726 -0.39988
0.14988 0.02377 -0.37567
-0.09600 -0.00918 0.07628
-0.07993 0.08078 -0.14435
0.13721 0.01371 0.14518
0.03680 -0.04519 0.08963
0.09179 -0.04519 0.04040
0.12156 -0.04519 0.01136
0.01537 -0.04519 0.10162
0.05262 -0.04519 0.08462
0.02683 -0.04519 0.09698
0.16779 -0.02634 0.27355
-0.11470 -0.03990 -0.39759
-0.11537 0.16761 -0.38277
0.04194 0.10874 -0.13517
-0.04311 -0.04149 -0.12165
-0.03971 0.10096 0.40041
-0.16624 0.18767 -0.09470
-0.15487 0.06800 -0.08056
0.09656 0.01280 0.12682
0.08756 -0.03248 0.41409
0.12364 -0.03620 0.41409
-0.17011 0.15962 0.38706
-0.09725 0.00401 -0.22734
-0.13069 0.18766 0.06345
-0.07986 0.00866 0.37611
0.07173 0.02525 0.01072
0.13591 0.02521 -0.11855
-0.16235 0.17963 -0.12617
0.04694 -0.04519 -0.22906
0.04834 -0.04519 -0.23707
-0.01961 -0.04519 -0.21740
-0.02655 -0.04519 -0.21941
-0.06372 -0.04519 -0.17335
0.05641 -0.04519 -0.24705
0.03893 -0.04519 -0.23360
0.01164 -0.04519 -0.25705
0.01156 -0.04519 -0.26582
-0.06544 -0.04519 -0.21010
-0.01164 -0.04519 -0.25729
-0.06099 -0.04519 -0.21886
0.12690 0.09488 0.42681
-0.14269 -0.04352 -0.39968
-0.00065 0.01991 -0.08015
-0.15666 0.08687 -0.16317
0.16057 -0.03514 -0.37280
0.14670 0.08809 -0.42233
-0.07752 0.00959 0.21182
-0.14133 -0.02545 -0.39996
-0.15869 0.10250 -0.34214
-0.13314 0.06360 0.14762
-0.15602 0.08074 -0.30129
-0.09650 -0.01122 -0.20161
0.02351 -0.04519 0.04286
0.00039 -0.04519 0.07186
0.01491 -0.04519 0.01351
-0.03912 -0.04519 0.05785
-0.04146 -0.04519 0.09495
-0.03422 -0.04519 0.05553
-0.05430 -0.04519 0.05005
0.03790 -0.04519 0.03775
0.04042 -0.04519 0.01253
0.02345 -0.04519 0.02514
0.11808 -0.04519 0.00645
0.00595 -0.04519 0.03243
0.16785 -0.02500 -0.38888
0.16373 -0.01185 -0.14950
-0.16891 0.15483 0.34257
-0.15869 0.15093 -0.14943
-0.12267 -0.02329 0.40388
-0.09053 0.07276 -0.29832
0.11363 -0.04451 -0.40549
0.14325 -0.14615 -0.40329
-0.09288 -0.00239 -0.06977
-0.11775 0.17189 -0.09944
-0.16125 0.11870 0.35706
-0.14057 -0.00520 -0.40466
-0.14556 0.10167 -0.14943
0.14803 -0.15685 0.13751
0.13896 0.08383 0.42336
-0.04224 0.01518 0.32649
-0.04091 0.01534 0.35140
0.11757 0.09410 -0.42681
-0.16719 0.14764 -0.27716
-0.15389 0.04797 -0.25866
-0.15389 -0.02066 -0.27311
-0.10852 0.14723 0.39489
-0.11283 -0.03283 0.14913
-0.16946 0.18330 -0.00638
0.05213 0.02418 0.25335
-0.03630 -0.01107 0.40150
-0.09121 -0.03369 0.24220
-0.12224 0.04086 -0.39996
-0.09830 0.08539 0.12076
0.02806 0.02249 -0.21857
0.01312 0.02121 -0.18101
-0.09187 0.03453 0.09817
0.15974 0.09847 0.41432
-0.12300 0.05748 -0.40886
0.09294 -0.02857 -0.40308
-0.14323 -0.04588 -0.02105
0.07094 0.02185 0.11951
-0.11387 -0.04002 -0.20678
-0.12837 0.04389 -0.40280
-0.11834 0.17295 0.03840
0.14862 -0.02626 -0.12888
-0.09872 0.12491 0.08736
-0.16237 0.12480 0.36343
-0.15389 0.02410 0.15910
-0.09047 0.06891 -0.02741
0.15516 0.02107 -0.10215
0.13308 0.02291 0.12059
-0.09216 0.03200 -0.10823
-0.15389 0.03847 -0.25549
-0.15389 0.00693 -0.26966
-0.09195 0.09027 -0.28621
0.14491 0.04762 0.14306
-0.09816 0.12285 0.33483
0.06240 -0.04519 0.16348
0.13104 -0.04519 0.19183
0.12488 -0.04519 0.19036
0.07842 -0.04519 0.20897
0.11143 -0.04519 0.22519
0.09733 -0.04519 0.18845
-0.09376 0.02111 -0.09842
-0.12843 -0.15715 0.42235
0.14241 -0.14646 0.12540
-0.09497 0.01443 0.04768
-0.10302 -0.01547 0.01585
-0.11348 0.16374 0.26654
0.08245 0.02578 0.07053
0.05085 0.09617 -0.13389
-0.15389 -0.03273 0.23471
-0.15389 -0.01195 0.23222
-0.15389 -0.03537 0.22433
-0.16786 0.15053 0.04630
-0.09833 -0.00022 0.01249
-0.10619 0.14722 -0.22941
0.11130 -0.04369 0.11593
-0.13437 0.06490 -0.41694
0.14472 -0.08648 -0.13076
-0.15389 -0.02891 0.28468
-0.15389 -0.01284 0.29566
-0.15389 -0.01878 0.30612
-0.11005 0.01252 -0.39996
0.00311 -0.04519 0.34082
-0.03626 -0.04519 0.36486
-0.02561 -0.04519 0.33433
0.03770 -0.04519 0.27777
0.00220 -0.04519 0.28550
-0.05775 -0.04519 0.31826
-0.06323 -0.04519 0.36074
0.01341 -0.04519 0.32469
-0.04787 -0.04519 0.35620
0.12883 -0.04519 0.27553
-0.06447 -0.04519 0.33438
-0.09200 -0.03264 0.07063
-0.01541 0.10500 0.12495
-0.10808 -0.02820 0.01097
0.04167 0.10213 0.42681
0.10177 -0.04337 -0.12818
0.05049 -0.03995 -0.12818
0.14189 0.09259 -0.40006
-0.06235 -0.04253 0.40197
-0.04553 -0.03758 0.40197
-0.08841 -0.03042 0.40197
0.09080 0.02606 0.28269
-0.14579 0.09953 -0.12617
-0.13619 0.19124 -0.06843
-0.10729 -0.02652 -0.05365
0.00449 -0.04432 0.38549
-0.12259 -0.13660 -0.13629
-0.12248 -0.17443 -0.41056
-0.15407 0.05664 0.25221
0.04441 0.02365 0.33629
0.03895 0.02328 0.34762
-0.09426 -0.00490 0.09263
0.10201 0.10346 -0.40006
0.13697 -0.03964 0.39584
-0.14075 -0.02126 0.42044
-0.15151 0.06724 -0.39928
-0.16936 0.18351 -0.06381
0.05454 0.00180 -0.14607
-0.09325 0.02411 -0.36711
-0.02029 -0.02329 -0.13465
0.06209 -0.02329 -0.12898
-0.08228 -0.04121 0.20850
-0.15486 0.06789 -0.25580
-0.15389 0.01680 0.04904
-0.15389 0.02508 0.05093
-0.07678 -0.04355 -0.37796
-0.04869 0.01433 0.31596
-0.10303 0.13880 0.21695
-0.12706 0.04998 -0.14943
-0.09049 0.05299 0.31001
-0.00027 -0.04511 -0.16411
-0.12924 0.18635 -0.27176
0.04171 -0.04469 -0.16287
-0.09713 0.11883 -0.31227
0.05744 -0.02329 0.13857
-0.15385 -0.04027 -0.24439
0.05168 -0.01701 -0.12953
0.14588 -0.06716 -0.40567
-0.14382 -0.10559 -0.41001
-0.09676 0.00611 0.05598
0.14088 -0.15788 -0.40227
-0.17056 0.18091 -0.20217
-0.04592 -0.02633 0.12771
-0.02369 0.01744 0.23594
-0.12119 0.17814 -0.25335
-0.05706 -0.03820 0.40197
-0.06409 -0.03641 0.40197
-0.07454 -0.03210 0.40197
0.15757 0.01600 0.15360
-0.01757 -0.03050 -0.14030
-0.14441 0.13460 0.12436
0.09608 0.02624 0.32528
0.09028 0.02604 0.36375
-0.03367 -0.03152 0.12649
0.17128 -0.00014 0.32483
-0.11139 0.09614 0.14762
-0.09253 0.09443 0.27387
0.10456 -0.04230 -0.15501
-0.15389 0.04755 -0.38363
-0.12472 -0.07376 0.12824
-0.14809 0.19495 0.00517
-0.07781 0.00949 0.24850
-0.09393 -0.02951 0.26768
-0.03056 0.10303 -0.14692
0.14822 0.02446 -0.04462
0.09935 0.02635 0.23295
0.09294 0.02613 0.20670
-0.15389 0.05077 -0.37105
0.12990 -0.09273 -0.13078
0.08090 -0.04519 0.18666
0.08881 -0.04519 0.22414
0.13098 -0.04519 0.23995
0.13063 -0.04519 0.20178
0.06496 -0.04519 0.17661
0.10761 -0.04519 0.19100
-0.14042 0.00090 0.42080
-0.06861 -0.04493 0.04475
-0.12397 0.05189 -0.13319
-0.16470 0.13643 -0.29900
-0.09285 -0.00232 0.38244
-0.15695 0.08930 0.18424
0.15439 -0.00886 0.14437
-0.05739 -0.00447 0.40135
0.13473 0.02702 -0.33539
0.13068 0.07386 -0.40392
0.16019 -0.03546 0.19881
0.09093 0.00359 0.12771
-0.16840 0.15281 -0.34330
-0.09599 -0.02455 0.32505
-0.06622 0.08699 -0.15302
-0.15389 0.05371 -0.18602
-0.09768 0.07625 -0.40857
-0.16179 0.19140 0.04316
0.16609 -0.02901 0.24860
0.11864 0.09224 -0.12741
-0.12678 -0.00237 -0.13005
-0.09285 0.02682 0.17433
-0.09236 0.03038 -0.37418
-0.09500 0.01430 -0.24906
0.14436 -0.12764 0.40418
