-0.21898 -0.32480 0.24344
-0.02874 -0.05345 0.22192
0.15249 0.01551 0.14757
-0.10742 -0.03784 -0.22321
-0.07646 -0.04013 -0.22321
-0.23728 0.26683 0.22192
0.25766 0.14776 -0.23012
-0.24680 0.28956 -0.22321
0.15635 0.01370 -0.17038
-0.16573 0.08656 -0.14050
-0.16662 0.08969 -0.13290
-0.16211 0.07389 -0.12777
0.21750 -0.34303 -0.22853
-0.16616 -0.12098 0.24123
0.17740 -0.01355 -0.23089
-0.15586 0.05300 0.09458
-0.22571 0.29006 -0.22650
-0.13826 0.01819 -0.06564
-0.12706 -0.00837 -0.22321
0.08243 -0.00961 -0.22321
0.18091 -0.21136 0.24311
0.22174 -0.04206 0.02320
-0.18430 0.15726 0.16877
0.15424 -0.03214 0.14245
0.22127 0.00199 -0.19873
-0.16673 -0.12643 0.24056
0.08433 -0.01019 -0.22851
-0.15638 0.06107 0.20056
0.03901 -0.02998 0.22788
-0.00122 -0.04254 0.22192
0.15080 0.01632 0.06279
-0.04503 0.00557 0.06279
0.20836 -0.04502 0.17146
0.18751 0.01288 0.06770
-0.24971 0.34064 0.03168
-0.17486 -0.18527 -0.22792
-0.03777 0.00491 -0.20217
0.18471 -0.11605 -0.22321
-0.16706 -0.12336 -0.24441
-0.02140 0.00621 -0.04320
-0.24714 0.32714 0.09834
-0.22919 0.28907 -0.19347
-0.24133 0.31858 -0.17724
-0.21102 0.24491 -0.19490
-0.20937 -0.34241 -0.23229
0.12094 0.01513 -0.19067
0.15079 0.01676 -0.18692
0.06089 0.01185 -0.20040
0.10101 0.01404 -0.19987
0.03453 0.01041 -0.18809
0.13976 0.01616 -0.18421
0.19405 -0.10547 -0.24030
0.22129 -0.31132 -0.22981
0.18284 0.01288 0.08908
-0.13481 0.01718 -0.01140
0.10253 0.01412 0.07176
-0.01244 0.00784 0.06795
0.12932 0.01559 0.08481
0.12276 0.01523 0.06579
-0.02604 0.00710 0.06892
0.12340 0.01526 0.08412
-0.20630 0.22226 -0.24441
-0.07596 -0.00098 0.13014
-0.03559 0.00125 0.12703
-0.01322 0.00248 0.13653
0.13062 0.01041 0.11744
-0.01218 0.00254 0.12794
-0.06408 -0.00032 0.13047
0.21943 0.00392 -0.03911
-0.16073 -0.01835 -0.22851
0.11857 0.00983 0.09458
-0.01742 -0.05025 0.22192
0.09588 -0.05029 0.22192
0.15206 -0.03756 -0.02037
0.15209 -0.03739 -0.17967
0.08143 -0.02835 -0.22851
-0.23273 0.28375 -0.12317
-0.24030 0.30215 -0.13264
-0.24121 0.30436 -0.13874
-0.13070 0.01751 0.18914
-0.19352 0.15125 -0.22321
-0.15329 0.06035 -0.09277
-0.15909 -0.03629 0.22722
-0.07859 -0.03464 0.22722
-0.26688 0.33222 0.18933
-0.18770 -0.16120 -0.24441
0.21095 -0.32476 -0.24441
-0.21482 0.19240 0.22291
0.20000 -0.00766 -0.24300
0.17165 -0.03326 -0.14565
0.22066 -0.30899 -0.23811
-0.14454 0.03702 -0.03358
0.18319 -0.23871 -0.23576
-0.12783 0.01209 0.04159
0.08431 0.01014 -0.01140
-0.12558 0.00798 -0.14445
0.16263 -0.04910 -0.03915
0.22885 -0.02158 -0.02522
-0.07775 0.00427 0.07843
0.10336 0.01417 0.08795
-0.01833 0.00752 0.07976
0.13803 0.01606 0.09069
0.01291 0.00923 0.08072
-0.03757 0.00647 0.07995
0.01006 0.00907 0.08591
-0.16679 0.03850 -0.22321
-0.02339 -0.05069 0.22192
0.07316 -0.05212 0.22192
-0.24797 0.29259 0.24311
0.20377 0.12401 -0.22542
0.16317 -0.02801 0.14205
-0.14031 0.02075 -0.13172
-0.14561 -0.04743 -0.22851
-0.16590 0.09165 0.09458
0.05305 -0.03507 -0.22321
-0.16626 -0.12212 -0.22879
0.22590 -0.03372 0.16877
0.06003 0.00897 -0.17038
-0.22869 0.27665 -0.24441
-0.24586 0.33376 -0.10103
-0.19507 0.16936 0.22192
-0.21923 0.25910 0.11578
-0.17373 0.13400 0.03133
-0.15690 0.07495 0.03706
-0.17679 0.14472 0.03774
-0.16768 0.11277 0.03701
0.15236 -0.03604 0.12879
0.17435 -0.04511 0.22338
0.10682 0.00910 0.03637
0.17355 0.01278 0.03660
0.07276 0.00722 0.03878
0.03491 0.00513 0.03069
0.11349 0.00947 0.02422
0.04725 0.00581 0.03571
0.13408 0.01060 0.03941
0.19484 0.04371 0.24311
0.18681 -0.12157 0.22192
-0.18056 0.14730 0.06279
-0.18514 0.16562 -0.23551
-0.16486 0.10151 0.11578
0.17086 -0.03208 0.20966
0.18177 -0.22974 -0.22450
0.22604 -0.00551 0.12501
-0.20750 -0.28565 0.22192
0.00254 -0.01015 -0.22321
0.19316 0.16808 0.22192
-0.16162 0.07280 0.06279
0.22482 0.16215 -0.23977
0.19639 -0.16689 -0.23642
-0.13352 0.01301 0.18445
0.18971 0.16229 -0.23494
-0.26056 0.34203 0.20927
0.15404 0.01661 -0.20217
0.14392 0.01277 -0.20217
0.03368 0.00965 0.00979
0.17276 -0.04121 0.03102
0.06402 0.00845 0.06279
0.19570 -0.05405 0.24090
0.19908 -0.04471 -0.14196
0.15297 -0.03428 0.19560
0.17532 0.16194 -0.24441
0.05903 0.15701 -0.24441
0.06726 0.15395 -0.24441
-0.17579 0.03898 -0.24441
-0.18388 0.06339 -0.24441
-0.24648 0.33623 0.11412
-0.17644 -0.00133 -0.24441
-0.09945 0.00474 0.17406
-0.18719 0.05164 -0.24233
-0.17350 -0.17705 -0.23670
-0.25703 0.32194 0.05504
0.18627 0.10261 -0.22353
0.20650 0.01114 -0.01367
-0.23787 0.31018 -0.12571
-0.23783 0.31008 -0.13339
-0.24095 0.31766 -0.14712
0.20606 -0.29955 -0.22321
-0.16325 -0.08287 0.22192
-0.26519 0.32673 -0.11694
-0.20726 0.22589 0.22192
0.18670 -0.15024 0.24311
-0.15806 0.07901 0.12377
-0.16103 0.08941 0.14032
-0.16716 0.11092 0.13519
0.22311 -0.00035 -0.18946
-0.15266 0.05782 -0.06912
0.17277 -0.03593 0.02365
0.20462 -0.23453 -0.24169
-0.07343 -0.00906 -0.22321
-0.14706 0.04209 -0.01653
0.16073 -0.02817 0.20002
0.19994 -0.20190 0.23557
-0.24693 0.31828 0.01008
-0.24257 0.30768 0.01429
-0.21600 0.24308 0.02727
0.17302 -0.04157 -0.12687
-0.08476 -0.00127 0.16877
0.22425 -0.00207 -0.07217
-0.26668 0.33402 0.02334
-0.16438 0.08185 -0.18467
-0.18454 0.15257 -0.19615
-0.16676 0.09019 -0.18942
-0.16845 0.09612 -0.20078
0.19638 -0.24745 0.24311
-0.19431 0.20456 0.11820
-0.22401 0.25600 -0.24441
-0.01030 0.00796 0.18173
0.11352 0.01472 0.19825
-0.06529 0.00495 0.18861
0.02047 0.00964 0.18543
-0.01632 0.00763 0.18573
-0.00781 0.00809 0.19567
-0.17577 -0.10397 -0.22321
-0.26049 0.33483 0.22192
0.21085 -0.03949 0.14032
0.15866 -0.04876 -0.22321
0.11565 0.01484 -0.03353
0.08475 0.01315 -0.03156
0.16988 0.01780 -0.01264
0.13694 0.01600 -0.03935
0.07787 0.01277 -0.03363
0.16669 0.01763 -0.01900
0.19330 -0.28856 0.22934
0.22134 -0.32970 -0.24239
-0.24501 0.33333 -0.22563
0.20465 -0.34303 -0.24377
0.18003 -0.04242 -0.19515
-0.17338 -0.16589 0.24311
-0.19389 0.18538 -0.18161
-0.17825 0.13051 -0.18098
-0.19467 0.18811 -0.19148
-0.01191 0.00255 -0.13361
0.06493 0.00679 -0.13743
-0.03361 0.00136 -0.13741
-0.00967 0.00268 -0.14688
-0.07828 -0.00111 -0.14025
0.12984 0.01037 -0.14783
0.05044 0.00599 -0.14111
0.22651 -0.00663 -0.08289
0.20436 0.01163 0.11865
-0.19072 0.19360 -0.01606
-0.17995 -0.20948 -0.24441
0.14406 0.01612 0.16877
0.05664 0.00906 0.16877
0.19454 -0.04279 -0.04320
-0.09866 -0.00819 0.22722
-0.16733 -0.01016 -0.22321
0.17294 -0.03642 -0.13229
-0.16092 0.06969 -0.06732
-0.17930 0.13419 -0.08799
-0.16224 0.07432 -0.07700
-0.17786 0.12914 -0.08063
-0.15400 0.06375 -0.03328
-0.15625 0.05121 -0.12318
0.20767 0.04203 0.23329
0.18147 -0.04259 0.02827
-0.10301 0.00540 -0.13646
0.20168 -0.34303 0.23518
-0.18489 0.02427 -0.22786
-0.17878 0.01834 0.24311
0.18626 -0.25573 -0.23819
0.17774 0.01288 -0.01157
0.18509 -0.03780 -0.02351
0.19117 0.05610 0.22192
0.15173 -0.03371 0.22192
-0.17906 0.02258 -0.22321
0.20372 -0.34303 0.22868
-0.12286 -0.03387 -0.22851
-0.02065 -0.00722 -0.22851
-0.19636 0.20984 -0.07186
-0.18176 0.14282 0.07324
-0.16205 0.07367 0.07978
-0.17020 0.10228 0.08148
-0.15022 0.04988 -0.09476
0.19523 0.01772 0.22192
-0.15581 -0.02339 0.22192
-0.09949 -0.02713 0.22192
-0.17866 -0.16045 0.22192
0.10015 0.15639 0.24311
-0.05939 0.14476 0.24311
-0.15107 0.03829 -0.08513
-0.17381 -0.06002 0.22192
-0.20235 -0.22179 0.23020
-0.26355 0.34008 0.05058
-0.14388 0.02574 -0.06553
-0.03618 0.00474 -0.17038
0.18655 -0.18351 0.24311
0.08657 0.01219 -0.14918
0.20443 -0.03977 0.11848
-0.19406 -0.27255 -0.22594
0.18177 0.08280 0.23006
-0.15293 0.05887 -0.13759
-0.19548 0.20452 -0.24015
-0.22987 -0.33810 -0.23011
0.18990 0.01837 0.24311
0.21452 -0.04435 -0.08303
-0.14255 0.02383 -0.19281
-0.17291 0.13112 -0.12555
-0.16736 0.11164 -0.13437
-0.16204 0.09296 -0.13113
0.17997 0.01814 0.13094
0.19502 0.17083 -0.22800
0.23320 0.07445 -0.22321
-0.25835 0.34275 -0.06139
-0.16156 0.09127 -0.14401
-0.17900 0.15249 -0.13556
-0.18206 0.16321 -0.12643
-0.18982 0.19045 -0.11960
-0.26476 0.32620 -0.02761
0.22890 -0.01457 -0.01467
-0.21640 -0.27628 0.23696
-0.22574 -0.32964 -0.23758
-0.14256 0.03349 -0.13813
0.03558 -0.02643 -0.22321
-0.08628 0.00387 -0.02142
0.09042 0.01330 0.00979
-0.15057 0.03724 0.07870
0.24500 0.07721 0.23855
-0.17244 0.12947 -0.19956
-0.17844 0.15052 -0.19749
-0.18440 0.17141 -0.18792
0.18920 -0.03271 -0.22321
-0.19858 -0.20245 0.23410
-0.24701 0.32395 0.11578
0.03900 -0.00676 0.22722
0.05599 -0.00793 0.22192
-0.10831 0.00155 0.00979
0.15511 -0.04601 0.01015
-0.14821 0.04471 -0.18548
-0.15200 -0.00506 -0.22851
0.17557 -0.03672 -0.19482
0.25765 0.10909 0.22702
0.26013 0.11143 0.24311
-0.12918 0.01645 0.14446
-0.22625 0.26799 -0.17165
-0.23937 0.29990 -0.18433
-0.24562 0.31508 -0.18532
0.17434 -0.03658 0.08390
-0.17480 0.11842 0.02060
-0.16143 0.07150 0.01007
-0.16301 0.07702 0.01749
-0.17219 0.10925 0.02456
0.17641 -0.03681 -0.12266
0.16662 -0.03219 -0.22321
0.17204 -0.03934 -0.18949
0.20961 -0.04493 0.01826
-0.11404 0.00862 -0.01479
-0.22670 0.25151 0.24311
-0.17083 0.04117 -0.24441
-0.17686 0.07310 0.24311
-0.13423 0.02158 -0.08033
-0.11443 0.00877 0.01098
-0.20889 0.23973 -0.02703
-0.20427 0.22848 -0.01556
0.23043 0.06989 -0.23795
0.22626 -0.02921 0.12978
-0.17860 0.13173 0.03662
-0.16486 0.08353 0.04074
-0.19501 0.18931 0.01641
0.20538 0.01140 -0.07362
-0.00640 -0.02984 0.22722
0.17842 -0.07666 0.22192
-0.18046 -0.10019 0.22192
-0.14969 0.03554 -0.19053
-0.20345 0.22319 0.16877
0.19047 0.01811 0.13273
-0.00379 0.00831 0.13351
0.02514 0.00989 0.12955
-0.02192 0.00732 0.12973
0.06620 0.01214 0.14719
0.00195 0.00863 0.13034
-0.03246 0.00675 0.12634
-0.02667 0.00706 0.14697
0.19076 0.00339 0.22192
0.22045 0.01004 0.14614
-0.19110 0.09328 0.24311
0.18821 -0.06316 -0.24441
0.00827 -0.03539 -0.22890
0.19284 -0.28652 -0.22489
-0.25325 0.33808 -0.24441
-0.20742 0.22223 -0.13997
-0.21383 0.23779 -0.13322
-0.23081 0.27908 -0.14085
-0.20594 -0.31284 -0.23571
-0.13475 0.02222 0.18103
-0.16935 0.09929 0.01287
-0.18010 0.13699 0.01206
-0.16082 0.06935 0.01908
-0.18576 0.15687 0.01010
0.17319 -0.04159 0.04086
0.25972 0.09360 -0.23897
0.15418 0.16708 0.23769
0.01650 0.15433 0.22621
0.18852 0.17026 0.23948
0.13163 0.16499 0.23676
0.14374 0.16611 0.22999
0.09565 0.16166 0.22571
0.19359 0.01804 -0.01755
0.20540 0.01685 0.07397
0.21498 0.01359 -0.18011
0.15913 -0.04860 -0.02617
-0.16195 -0.01077 0.23449
-0.26226 0.34112 -0.01134
0.23900 0.16481 0.23652
0.23230 -0.00716 -0.03501
-0.14864 -0.00772 0.22192
0.19738 -0.17712 0.24203
-0.22524 0.25587 -0.22321
-0.20340 0.18175 0.24311
-0.08552 -0.00154 0.11608
0.18579 0.09498 -0.22321
-0.19598 0.18668 0.22192
0.00635 -0.02414 0.22722
0.24826 0.09090 -0.24233
-0.17579 0.12198 -0.23729
0.12056 -0.04014 -0.22851
0.19618 0.05302 -0.22321
-0.09116 0.00391 0.17449
0.02770 0.00744 -0.17038
-0.15444 0.05268 -0.20217
-0.19227 -0.16820 0.23453
-0.22627 0.27754 -0.20217
-0.10744 0.00646 -0.19795
-0.24876 0.32500 0.21969
0.20227 -0.04501 -0.06518
0.25026 0.14511 0.22492
-0.26050 0.31574 -0.23516
0.19841 -0.01008 0.22192
-0.17260 -0.17159 -0.24421
-0.23079 -0.32046 0.22608
-0.18643 0.13533 -0.22321
0.02014 0.00620 0.11578
-0.08445 0.00392 -0.02950
-0.10092 0.00173 0.14757
-0.23641 0.25798 -0.24281
0.23213 -0.02933 0.09343
-0.12301 0.00661 0.08654
0.17224 -0.12272 0.22321
-0.19322 -0.17335 -0.23661
-0.15299 0.04374 0.04159
0.08968 -0.04559 0.22722
0.22289 0.00793 -0.19688
0.22095 -0.04261 0.12667
-0.13757 -0.02809 0.22722
0.04822 -0.03062 0.22722
-0.24563 0.32474 -0.04320
0.17035 -0.03143 0.04860
-0.14376 0.03559 -0.02578
-0.19461 -0.22402 -0.22321
-0.15566 0.04952 -0.07405
-0.16525 0.01797 0.22192
0.18441 0.16624 -0.22321
-0.02268 0.14966 -0.22321
0.12575 0.16062 -0.22321
-0.15244 0.04125 0.01411
0.17631 -0.02322 -0.22598
-0.16651 -0.08309 0.24311
0.17845 0.09105 0.24227
0.17787 0.01288 0.01256
-0.09627 -0.00120 0.12856
0.22292 -0.00009 0.14397
0.20006 -0.27507 0.24311
0.17510 -0.03666 0.18394
-0.18379 0.04356 -0.24441
0.22735 -0.00168 0.16877
0.18808 0.01288 0.11686
0.18486 0.09970 0.24311
-0.03737 -0.01757 0.22722
0.20622 0.03471 -0.23429
-0.15870 0.06032 -0.17896
0.17206 -0.04136 0.17553
-0.18408 0.01465 -0.22402
0.15234 -0.04113 -0.05625
0.24427 0.15191 0.23575
0.18555 -0.04308 -0.02277
0.14749 0.01134 0.12727
0.05395 0.00618 0.14585
-0.01564 0.00235 0.14297
0.15229 0.01161 0.14123
0.12734 0.01023 0.12910
0.11629 0.00962 0.13802
0.07273 0.00722 0.14556
-0.17312 0.03344 0.22192
0.18400 0.03170 -0.23841
-0.02138 -0.04110 -0.22321
-0.05407 -0.04229 -0.22321
0.18012 0.00737 -0.23901
0.16761 -0.02934 -0.01688
0.16046 -0.02820 0.10870
-0.16670 0.08998 0.13567
-0.17338 0.11342 0.12660
-0.16319 0.07767 0.13296
-0.18488 0.15379 0.11636
-0.07568 -0.00086 0.06279
0.23004 -0.03337 0.01644
0.05691 -0.01202 -0.22321
-0.15482 0.04712 -0.08666
-0.18835 0.11106 -0.24441
-0.19151 0.18123 -0.24441
0.21633 -0.32337 0.24311
-0.21999 0.25277 -0.06569
-0.24310 0.30897 -0.06977
-0.24854 0.32219 -0.07356
0.19497 -0.03892 -0.08411
-0.22239 -0.32965 0.22632
-0.11986 0.00511 0.12186
-0.11134 0.00765 -0.06668
-0.17138 -0.02941 -0.24441
-0.20024 0.20423 0.18692
0.20906 -0.03965 0.12956
-0.25457 0.34282 -0.07197
-0.15248 0.04472 0.09458
0.22601 -0.02966 0.18742
0.16943 -0.04663 0.20363
-0.19706 0.12792 0.22192
-0.21153 -0.25802 -0.23659
-0.16180 -0.04183 0.22688
-0.05224 -0.01014 0.22722
-0.10013 -0.00071 -0.01737
0.20007 -0.00699 -0.23055
0.20184 0.01745 0.08511
-0.19085 -0.18111 -0.24441
-0.03132 -0.03749 0.22722
0.11356 -0.03797 0.22722
-0.24732 0.28594 -0.24182
0.22899 -0.01548 -0.03918
0.18027 0.01288 0.19202
0.04925 -0.01793 0.22788
-0.02238 0.00659 0.04159
-0.21872 0.24970 0.11994
-0.24429 0.31186 0.11691
-0.23098 0.27948 0.12291
-0.19232 -0.26606 -0.23080
0.22906 -0.01617 0.08666
0.17761 -0.03695 -0.09502
-0.07815 -0.00044 -0.11738
0.12271 0.00997 0.08752
0.08794 0.00806 0.08386
-0.00573 0.00289 0.09297
0.16720 0.01243 0.08588
0.17477 0.01285 0.09118
0.04677 0.00579 0.09316
0.09253 0.00831 0.07551
-0.16508 0.08430 0.07920
-0.17271 0.11108 0.06349
-0.16314 0.07748 0.08718
-0.21135 0.18047 -0.22599
0.18430 -0.09121 -0.24441
-0.09228 0.00395 -0.09268
-0.22693 0.26965 0.12319
-0.22137 0.25613 0.13493
-0.21285 0.23541 0.13922
-0.08409 0.00393 -0.19458
-0.15691 -0.01291 0.22722
0.02319 -0.01318 0.22722
0.17269 -0.04158 0.08857
-0.19307 -0.26887 -0.23957
0.18547 -0.16748 -0.22321
0.07663 -0.05392 -0.22851
0.11432 -0.04774 0.22192
0.14356 -0.04659 0.22192
0.17965 -0.04237 0.07980
-0.00322 0.00834 -0.07497
0.07513 0.01263 -0.07224
-0.03168 0.00679 -0.08642
-0.01308 0.00780 -0.07408
-0.02846 0.00696 -0.06719
-0.03819 0.00643 -0.07962
-0.19871 -0.23529 -0.22321
-0.21915 -0.31441 0.22192
-0.17092 0.02103 0.22192
0.21076 0.16726 -0.22321
-0.19712 -0.27382 0.22192
-0.04850 -0.00116 -0.22797
0.19870 -0.30839 0.22192
0.19398 -0.00762 -0.24441
0.23429 -0.02037 -0.13504
-0.17749 0.00557 -0.22321
0.07564 -0.02067 -0.22321
0.18576 -0.25293 0.22870
-0.18737 -0.23419 0.24311
-0.17462 -0.14374 0.24311
0.17297 -0.14402 0.22399
0.02955 -0.01422 -0.22851
-0.15137 -0.01327 -0.22851
0.12145 -0.02078 -0.22321
0.18900 -0.21363 0.24311
0.18850 -0.04344 -0.17563
0.19806 0.01215 -0.08629
0.19415 -0.06409 -0.24441
0.18623 0.10250 0.22645
-0.17482 0.11682 -0.22321
0.20197 -0.03967 0.18815
-0.16831 0.09563 0.12432
-0.16108 0.07027 0.13440
-0.18969 0.17064 0.12026
0.23071 0.16849 -0.23129
-0.10394 0.00559 0.03312
0.20341 -0.22702 -0.22636
-0.25108 0.34164 -0.00209
0.19208 0.00673 -0.24441
0.26200 0.10828 -0.24441
0.21096 -0.26834 0.23730
-0.23527 -0.32960 0.24202
-0.21573 0.26492 -0.22624
0.16109 -0.04900 0.00041
-0.17545 -0.10218 0.24311
0.18042 0.01288 -0.17998
-0.09686 0.00438 -0.01724
-0.13105 -0.01823 0.22192
-0.16485 0.04212 0.23412
-0.19497 -0.22912 0.24311
-0.16834 -0.03253 -0.22321
-0.09456 -0.00385 -0.22851
0.20337 -0.29378 0.24311
-0.10883 0.00170 0.04159
-0.19547 0.20761 0.18980
0.05694 -0.02759 -0.22851
0.20970 -0.04493 -0.03030
-0.24853 0.32523 0.11015
0.17662 -0.02038 -0.24431
0.19348 0.01804 0.02321
0.22378 -0.04054 -0.12576
0.08365 -0.00556 0.22722
-0.12903 -0.00321 0.22722
-0.16881 0.06434 0.24311
-0.17408 0.01324 -0.22321
0.15300 -0.04308 0.02912
0.16042 -0.04886 -0.11542
0.20222 -0.03969 0.02285
-0.04985 0.00136 0.00979
0.23397 -0.01307 0.14489
-0.18347 -0.07751 -0.22856
0.17811 0.01812 0.18883
0.26108 0.09619 0.23387
-0.04708 -0.03843 -0.22851
-0.23186 0.29153 0.09458
0.15201 -0.03812 -0.07318
0.15213 -0.03996 0.20068
-0.17837 0.14758 -0.09619
0.22180 -0.04202 0.03050
-0.25062 0.32350 0.18734
-0.25451 0.32207 0.16088
-0.13736 0.02561 0.09110
-0.19578 0.19198 -0.07637
-0.11266 0.00232 -0.14268
0.20925 0.01155 -0.17038
-0.19537 0.20737 -0.08604
-0.15549 0.13840 -0.22735
-0.16738 0.13730 -0.23286
-0.04692 0.14846 -0.23714
-0.10488 0.14309 -0.22751
-0.02914 0.15010 -0.23987
-0.01621 0.15130 -0.24412
-0.24746 0.32741 -0.03105
-0.20946 0.19610 -0.22321
0.21169 -0.04476 0.17783
-0.21402 0.23827 0.08710
-0.21567 0.24228 0.07962
-0.21697 0.24543 0.07130
-0.22905 0.27480 0.07107
0.12799 0.01351 -0.01140
-0.16834 0.07453 0.23463
0.04920 0.01121 -0.12321
-0.01418 0.00774 -0.13893
0.14785 0.01660 -0.12035
-0.02821 0.00698 -0.12324
-0.07713 0.00431 -0.13987
0.00488 0.00879 -0.13446
-0.06077 0.00520 -0.13944
-0.18464 -0.17181 0.24311
-0.22818 0.28662 0.17388
-0.23165 0.29506 0.17943
-0.22182 0.27115 0.17896
-0.21841 0.26287 0.17739
0.18721 0.04362 0.24311
0.26513 0.13014 -0.24441
0.09630 -0.04106 0.22722
0.17251 -0.04217 0.06667
-0.07208 -0.01131 -0.22851
0.00981 -0.01272 -0.22851
-0.18963 0.18222 -0.01140
-0.04831 0.00435 -0.14918
-0.16602 0.08760 -0.20125
-0.16174 0.07257 -0.19696
-0.19121 0.17597 -0.19861
0.22149 0.00173 0.07632
-0.14847 0.04533 0.18359
0.17692 -0.13543 0.24311
0.17143 -0.04436 0.14829
-0.09605 0.00427 -0.20098
-0.21393 0.21267 0.24311
-0.15616 0.05095 0.19415
-0.22067 0.25444 0.17080
-0.22499 0.26494 0.18385
-0.23374 0.28621 0.17719
-0.21301 0.23582 0.17503
0.15460 0.01697 -0.07514
0.12080 0.01512 -0.07201
0.15448 0.01696 -0.08129
0.09826 0.01389 -0.09061
0.12094 0.01513 -0.08389
0.11802 0.01497 -0.07769
-0.19648 0.19399 -0.19103
0.21282 0.06678 -0.22698
-0.17170 0.10753 0.17874
-0.17436 0.11686 0.17655
-0.17385 0.11507 0.16999
-0.08915 0.00386 -0.12001
-0.19199 0.19779 0.08807
-0.18487 0.15373 0.17707
-0.17624 0.12347 0.18179
-0.16219 0.07414 0.19757
-0.16447 0.08214 0.19236
0.20844 0.01055 0.03113
0.17312 -0.03940 -0.11149
0.21384 0.07470 -0.23412
-0.24603 0.32981 0.15851
0.18223 -0.14081 -0.22321
-0.20936 0.17365 -0.23834
-0.25740 0.32199 -0.18195
-0.09438 0.00292 0.16877
-0.12313 0.01276 -0.01168
0.17132 -0.04207 -0.22321
-0.19360 0.18439 0.12000
-0.19004 0.17189 0.13806
-0.19197 0.17866 0.12169
0.25471 0.15162 0.24234
0.23368 0.15895 -0.22677
0.22233 0.00847 0.17573
0.19221 -0.14290 0.24311
-0.23228 0.28723 -0.14918
0.19451 -0.04950 -0.22321
0.20278 0.07158 -0.24441
-0.23884 0.31255 -0.01792
-0.21844 0.26295 -0.03740
-0.24324 0.32322 -0.02522
0.17983 0.01288 0.14506
-0.20064 0.20530 0.17374
-0.20000 0.13226 -0.23327
0.19370 0.00152 -0.24441
0.15368 -0.03283 0.20675
-0.23003 0.28219 -0.22321
-0.26351 0.32470 -0.03938
0.17438 -0.01852 -0.22321
0.09678 -0.01696 -0.22321
-0.25854 0.32211 0.09101
0.20435 0.01163 -0.09301
-0.05239 0.00032 0.18507
0.01669 0.00413 0.16999
-0.06980 -0.00064 0.19334
0.03934 0.00538 0.17388
0.05531 0.00626 0.17694
0.07506 0.00735 0.17595
0.04467 0.00567 0.17818
-0.24572 0.28230 0.24076
-0.20610 0.21954 -0.09619
-0.00415 0.00534 -0.01140
-0.12983 0.01459 -0.09619
-0.24667 0.32856 0.03985
-0.21318 -0.26452 -0.23740
-0.06199 -0.00021 -0.08038
-0.01347 0.00247 -0.08990
0.06939 0.00703 -0.08392
0.05317 0.00614 -0.08745
-0.07324 -0.00083 -0.08778
-0.06306 -0.00027 -0.07040
0.03942 0.00538 -0.08654
-0.00973 0.00799 0.18872
-0.04551 0.00603 0.19607
0.03041 0.01018 0.18697
0.12212 0.01519 0.19816
0.19852 -0.03932 -0.19156
-0.18793 -0.13345 0.23176
-0.07070 -0.00069 0.07940
-0.00041 0.00319 0.08231
0.07641 0.00742 0.06939
-0.00692 0.00283 0.07115
-0.03870 0.00107 0.07958
0.01942 0.00428 0.06349
0.03234 0.00499 0.07373
-0.14189 0.03205 -0.01140
-0.08562 -0.00155 -0.09235
-0.14573 0.03932 -0.14367
0.03506 0.15016 -0.22321
-0.17551 0.13002 -0.22321
-0.14109 0.03109 0.18187
-0.24636 0.33597 0.07475
0.20141 0.01751 -0.18465
0.17850 -0.00445 -0.24418
0.23123 -0.00455 -0.09145
-0.07502 0.14585 -0.22649
0.08138 0.16034 -0.23345
-0.04881 0.14828 -0.22595
0.02108 0.15475 -0.22471
0.00168 0.15296 -0.22350
0.11698 0.16364 -0.22853
-0.10990 0.14262 -0.22530
-0.22555 -0.34147 0.22146
-0.19121 -0.16175 -0.22441
0.17496 -0.17366 0.22382
-0.19366 0.20275 0.08864
0.08058 -0.02272 0.22722
0.19498 -0.23359 -0.24441
0.20031 -0.04369 0.16877
-0.08283 -0.03813 0.22192
0.06011 -0.03959 0.22192
0.18289 0.01817 -0.19819
0.20830 0.01060 -0.14528
-0.00552 -0.00388 -0.22321
0.17821 0.01592 0.16877
-0.16104 0.08944 -0.08451
-0.15570 0.07071 -0.08452
-0.26221 0.34113 0.23849
-0.20239 0.20980 -0.01276
0.06714 0.01219 0.01516
0.02864 0.01008 0.02259
0.07524 0.01263 0.01143
-0.00680 0.00815 0.01766
0.12677 0.01545 0.02426
0.06968 0.01233 0.01005
-0.07999 0.00415 0.00999
-0.26074 0.34195 0.15543
-0.19593 0.20878 0.03077
0.15745 -0.02936 -0.18012
-0.13516 0.01457 0.19401
0.19451 -0.13383 -0.22652
-0.19113 0.14578 0.24311
-0.19773 0.19745 -0.20079
0.17301 -0.03727 0.15119
-0.16889 -0.04674 0.24311
-0.21222 0.23528 0.11578
0.03769 -0.02983 -0.22857
0.02053 -0.02976 -0.22857
0.17682 -0.01839 -0.23408
-0.13474 0.02220 0.03669
-0.23887 0.30680 -0.04320
-0.14865 -0.04409 0.22722
0.16760 -0.04785 -0.00386
0.20943 0.05090 0.22586
0.17388 -0.15956 0.22465
-0.04095 -0.00898 0.22192
0.19427 -0.04413 0.12665
0.22112 0.07545 0.24311
0.00119 -0.01834 -0.22851
-0.03544 0.00493 0.14757
0.25484 0.08799 -0.24441
-0.18618 0.16676 0.16877
-0.20248 0.21004 -0.12929
-0.10701 0.00067 0.13270
-0.18730 0.05298 0.24190
-0.20351 0.15775 -0.22321
-0.01322 0.00344 0.14757
-0.05574 -0.01427 -0.22321
-0.18468 -0.10213 -0.23840
0.22890 -0.01459 -0.18607
0.15425 0.01672 -0.09619
0.16514 -0.04880 0.15422
0.17564 -0.18134 -0.23670
0.21613 0.00665 0.18498
-0.21214 0.24763 -0.01534
-0.20645 0.23380 -0.02886
-0.09547 0.00423 -0.14893
-0.14520 0.03827 -0.12395
-0.19318 0.09488 -0.23042
-0.13522 0.01465 0.11825
-0.20113 0.22288 0.22375
-0.24099 0.30382 0.17801
-0.22590 0.26714 0.19131
-0.24600 0.31601 0.19656
0.22852 -0.02332 -0.08448
-0.18990 0.12336 -0.24441
-0.17229 0.07875 -0.22321
-0.18157 0.07154 0.22192
-0.05957 0.14106 -0.22321
0.10497 0.15594 -0.22321
0.01168 0.14811 -0.22321
-0.15363 0.04407 0.08477
0.22823 -0.02524 -0.20217
-0.19701 0.19546 0.01454
0.02738 -0.03204 -0.22321
-0.19985 0.16173 -0.22321
0.26242 0.09882 -0.23696
0.19191 -0.12415 -0.22321
-0.23217 0.29451 0.24311
-0.17849 0.15070 -0.01564
-0.16129 0.09034 -0.01290
-0.17585 0.14141 -0.01404
0.19737 -0.19129 0.24311
0.20817 -0.25415 0.22807
-0.20201 -0.22046 -0.23806
-0.20346 -0.23163 0.24311
-0.13610 0.01565 -0.14343
0.12395 0.01529 0.18828
0.09580 0.01375 0.17580
-0.01784 0.00754 0.17640
0.04856 0.01117 0.18132
0.13790 0.01605 0.19095
0.15011 0.01672 0.18542
-0.01962 0.00213 -0.08555
0.04770 0.00584 -0.09424
-0.03316 0.00138 -0.07697
-0.05440 0.00021 -0.09167
0.11438 0.00952 -0.09596
-0.08334 -0.00139 -0.08173
0.06511 0.00680 -0.08910
0.15435 0.16360 -0.24441
0.16564 0.16464 -0.24441
0.10972 0.16106 -0.24441
-0.17684 -0.01906 -0.22321
0.25049 0.15620 -0.23153
0.15269 0.01686 0.08070
0.04427 0.01094 0.07597
0.07917 0.01285 0.06495
0.13270 0.01577 0.07638
0.09336 0.01362 0.08235
0.22699 0.00325 0.02379
-0.20855 0.21018 -0.24441
0.14004 0.01093 -0.07480
0.06134 0.00659 -0.07850
0.16365 0.01223 -0.09260
0.13627 0.01072 -0.08943
0.02777 0.00474 -0.07415
0.07745 0.00748 -0.07310
-0.00367 0.00301 -0.06929
0.17591 -0.18441 0.22850
-0.16019 -0.00116 0.22295
-0.09416 0.00411 0.18629
-0.14778 -0.00116 -0.22624
-0.12687 -0.00116 -0.22685
0.17662 -0.02033 0.24273
-0.17944 0.15404 -0.09101
-0.17025 0.12177 -0.09201
-0.18452 0.17184 -0.09234
-0.18170 0.16197 -0.08843
-0.25269 0.32253 -0.01851
0.20170 -0.28725 -0.24441
0.06765 0.01222 -0.07295
0.04460 0.01096 -0.06885
0.09014 0.01344 -0.07285
-0.05725 0.00539 -0.08005
-0.06040 0.00522 -0.08776
0.21737 -0.33767 0.23078
-0.17764 0.11793 0.22192
-0.09726 -0.02839 0.22722
0.15418 -0.03121 0.22722
-0.24877 0.33986 0.20484
-0.01757 0.00352 0.04159
-0.13448 -0.02684 0.22192
-0.25389 0.32513 0.24311
-0.25715 0.31811 0.22192
0.18327 -0.03759 0.07137
-0.11391 0.00275 0.14483
-0.19476 0.20197 0.23240
-0.21344 0.23684 0.09391
-0.22409 0.26274 0.08438
-0.24850 0.32209 0.07295
0.15407 -0.04477 -0.11353
0.20263 0.01733 0.17937
-0.19791 0.20971 -0.11738
-0.17423 -0.18146 0.23277
-0.26243 0.34097 -0.05127
0.17209 -0.09509 -0.22862
0.17350 0.16042 0.23661
0.14033 0.15737 0.22792
-0.09317 0.13593 0.23926
-0.14981 0.13073 0.24306
0.09410 0.15313 0.23136
0.08506 0.15230 0.22936
-0.06998 0.13806 0.23955
-0.25050 0.34122 0.18863
0.21188 -0.04473 0.01268
0.01630 -0.00392 -0.22321
-0.18352 0.02995 -0.24441
-0.22506 0.27760 0.14757
0.19749 0.01220 -0.18267
-0.16419 -0.09852 0.22690
-0.03105 0.00682 0.01548
0.17116 0.01787 0.02411
-0.01325 0.00780 0.01452
0.04629 0.01105 0.01996
0.14191 0.01627 0.02510
-0.20137 0.22364 0.24007
-0.09061 -0.02756 -0.22321
-0.14985 -0.02654 -0.22321
-0.13900 -0.02798 -0.22851
-0.20106 -0.24265 0.22192
0.22682 -0.02818 0.18086
0.23322 -0.00985 0.19535
0.26610 0.12794 0.22930
-0.21577 0.24252 0.03852
-0.22925 0.27528 0.02545
0.18142 -0.03738 -0.06991
-0.20941 0.23721 -0.24441
0.22889 -0.02129 -0.14664
-0.20661 0.23417 0.14032
-0.24228 0.32089 0.14706
-0.20156 0.22192 0.14288
-0.19826 0.21430 0.02369
0.18958 -0.22122 0.24311
-0.25416 0.30141 0.22224
-0.21567 0.24227 0.14452
-0.22529 0.26565 0.13949
-0.24356 0.31008 0.13037
-0.18322 0.11201 -0.22321
0.05410 0.01148 -0.17134
-0.05121 0.00572 -0.18058
0.14682 0.01654 -0.17289
0.08796 0.01333 -0.17781
-0.08042 0.00413 -0.17094
0.07665 0.01271 -0.18060
-0.03338 0.00670 -0.18561
0.21629 -0.04402 0.13690
0.18275 -0.01063 0.24311
0.05997 -0.00967 0.22722
0.17201 -0.03907 -0.17972
-0.16228 0.09382 0.16880
-0.17067 0.12325 0.18269
-0.17233 0.12907 0.18339
-0.17323 0.13223 0.17044
-0.19567 -0.24850 -0.24441
0.01710 -0.02336 -0.22890
0.19015 0.01280 0.02009
0.17742 -0.16304 0.24311
-0.07522 -0.04933 -0.22321
0.18117 -0.00445 0.22192
0.18622 -0.03793 -0.03837
0.18921 0.10873 -0.23142
-0.24592 0.33058 -0.08719
-0.05230 0.13968 0.22281
-0.08031 0.13711 0.23204
-0.08896 0.13632 0.22874
-0.16539 0.12930 0.22320
-0.15957 0.12983 0.23907
-0.14684 0.13100 0.22638
0.04689 0.14879 0.22212
0.17285 -0.03619 0.13615
-0.16174 -0.03414 0.23985
0.18353 0.01817 0.18893
0.19051 -0.07399 0.22192
-0.18431 -0.13793 -0.24441
-0.09808 -0.01501 -0.22851
-0.08269 -0.01456 -0.22851
-0.20606 0.23284 -0.19434
-0.20292 0.22520 -0.18355
-0.21396 0.25205 -0.18448
0.08633 0.00797 0.03815
0.06077 0.00656 0.04155
0.10314 0.00890 0.03019
0.15533 0.01177 0.03818
0.13253 0.01052 0.02743
0.15233 0.01161 0.01494
-0.18835 0.06304 0.24194
0.16899 -0.04692 -0.04590
0.19802 -0.19866 -0.24441
0.20942 0.17160 0.24144
0.10843 -0.05256 -0.22851
0.17295 -0.06726 -0.22886
-0.23195 0.30504 0.23252
-0.21460 0.24436 -0.14918
-0.15691 0.05346 0.12123
0.21105 0.05911 -0.23826
-0.19908 -0.20520 -0.23671
0.17238 -0.08129 0.22584
-0.16084 -0.04570 -0.22851
0.18480 0.01288 -0.06873
-0.12661 0.01478 0.13831
0.18957 -0.03831 0.07416
0.19568 -0.04431 0.06631
0.22845 0.00106 -0.03377
-0.22400 0.26253 -0.18651
-0.21193 0.23318 -0.19374
-0.20891 0.22584 -0.19890
-0.22129 -0.33773 0.23601
-0.19889 -0.25364 -0.24441
-0.16212 -0.00556 0.22766
-0.18228 -0.05312 0.23880
0.17237 -0.12959 -0.23976
0.22920 -0.00015 0.01675
-0.20886 -0.29091 0.24311
-0.21922 -0.33773 -0.23185
-0.25389 0.30202 -0.22321
-0.17697 -0.07147 0.22192
0.23434 -0.01992 0.08890
0.09454 0.15317 -0.23613
0.16470 0.15961 -0.24204
0.07480 0.15135 -0.24301
0.15909 0.15909 -0.24273
-0.07492 0.13761 -0.24407
-0.16975 -0.07913 -0.24441
-0.22745 0.28484 -0.07057
-0.22148 0.27034 -0.07924
-0.20864 0.23911 -0.08631
-0.25040 0.32939 -0.22321
0.00885 -0.05160 -0.22321
0.19874 0.01779 0.19443
-0.13207 0.01200 -0.02010
0.16135 -0.02813 0.15498
0.06014 -0.01493 0.22192
-0.09154 -0.00154 -0.03434
-0.14020 0.02970 -0.03086
-0.21701 -0.30400 -0.24441
0.20901 -0.33972 -0.24191
0.18055 -0.05925 -0.22321
0.17103 -0.03232 0.17742
-0.02189 0.14264 0.24311
-0.03216 0.14293 0.24311
-0.04462 0.14376 0.24311
-0.25065 0.32348 -0.08400
-0.11771 0.00420 0.08583
-0.19803 0.19829 0.12621
-0.18523 0.15500 -0.11764
-0.16390 0.08013 -0.11998
-0.19391 0.18545 -0.14133
-0.18832 0.16583 -0.12014
-0.20546 -0.23406 0.22271
-0.21376 0.25108 -0.11738
0.19009 0.16237 0.22489
0.20384 -0.03976 0.17619
0.19603 -0.20351 -0.22321
-0.15056 0.13066 -0.24040
0.08327 0.15213 -0.22402
0.02302 0.14660 -0.22535
-0.12237 0.13325 -0.22889
-0.10974 0.13441 -0.22741
0.21628 0.17158 0.22907
0.23252 -0.00769 0.04006
-0.09378 0.00408 0.03839
-0.15203 0.05054 -0.06439
-0.22387 0.27615 0.13450
-0.22563 0.28043 0.13894
-0.17888 -0.20729 -0.23050
0.12548 0.01116 -0.06439
-0.08999 -0.00160 0.02336
-0.17185 0.09025 0.22192
0.02631 0.14780 -0.24441
-0.15412 0.13758 -0.24441
0.20254 0.01116 0.23917
-0.20795 0.23744 0.07632
-0.23188 0.29561 0.08674
-0.20292 0.22522 0.07491
-0.19758 -0.26970 -0.24441
0.20553 -0.33773 0.23331
-0.18531 0.11183 0.24311
0.16496 -0.04886 -0.01138
-0.15419 0.06472 0.08663
-0.18116 0.14889 -0.23101
0.14990 0.01147 -0.12518
0.17131 0.01265 -0.13875
0.13007 0.01038 -0.13042
0.04104 0.00547 -0.12022
0.15987 0.01202 -0.11810
0.08400 0.00784 -0.13544
0.21790 0.01187 0.03479
-0.19677 0.21085 0.13681
-0.18255 -0.03276 0.22906
-0.21353 0.25101 0.06773
-0.24565 0.32909 0.06432
-0.22399 0.27644 0.07111
-0.20986 0.24208 0.06748
-0.01399 -0.00724 0.22722
-0.14455 0.02676 0.11961
-0.18699 0.18053 -0.09396
-0.18584 0.17648 -0.08137
-0.17687 0.14502 -0.08071
-0.10171 0.00058 0.09458
0.18351 -0.04284 -0.08321
-0.18683 -0.24322 -0.24441
-0.22523 -0.30696 -0.24441
-0.22857 0.28757 -0.12746
-0.23000 0.29105 -0.12150
-0.20206 0.22311 -0.12955
0.13001 -0.02850 -0.22321
-0.18349 0.16823 0.03757
-0.16061 0.08794 0.02004
-0.15747 0.07694 0.01719
-0.17152 0.12624 0.02670
-0.17781 0.12895 -0.02652
-0.18887 0.16778 -0.03423
-0.18972 0.17075 -0.01806
-0.19176 -0.22732 -0.24441
0.18723 0.01288 0.14499
-0.15877 0.06064 0.09085
0.17105 0.16564 -0.22321
0.11965 0.16053 -0.22321
-0.18317 0.00255 -0.22639
-0.15921 0.06293 -0.11949
0.16550 -0.02845 0.11626
0.20107 0.06066 0.22192
-0.12869 0.00980 -0.03340
-0.13303 0.01953 0.11578
0.19592 0.01796 -0.19789
0.19435 -0.14448 -0.24441
0.22912 0.16904 -0.24271
0.17300 -0.03717 -0.00511
-0.14573 0.03932 0.09376
-0.00756 0.00337 0.14757
-0.20531 0.21708 0.06942
-0.10909 0.00123 -0.13527
0.08824 0.00917 -0.20217
-0.15489 0.04730 0.18269
0.16457 -0.04897 -0.06976
-0.19812 0.19854 -0.12537
0.02524 -0.00116 0.22229
0.18470 0.01726 -0.17038
0.21532 -0.03880 -0.14407
-0.20133 0.18327 -0.24441
0.25765 0.12963 -0.23600
-0.15970 0.08456 -0.09619
-0.24769 0.32639 0.05429
-0.19723 0.21074 0.24065
-0.18691 0.17304 -0.22372
0.15777 -0.04793 -0.06629
-0.14900 0.04664 0.19013
-0.24613 0.31633 0.14705
-0.23422 0.28737 0.14735
-0.17597 0.12948 0.14757
0.08016 0.00763 0.19630
0.08433 0.00786 0.18065
0.03068 0.00490 0.18818
-0.00921 0.00270 0.19179
0.14100 0.01098 0.19458
0.10920 0.00923 0.20006
0.02079 0.00436 0.18920
-0.17502 0.13850 -0.18226
-0.16650 0.10862 -0.19023
-0.16372 0.09885 -0.18220
-0.15908 0.08258 -0.17156
-0.24879 0.33987 -0.10780
0.19108 0.06394 -0.22621
0.03503 -0.01798 -0.22857
-0.00791 -0.03732 -0.22857
-0.19560 -0.18630 -0.23246
0.08943 -0.03478 0.22722
-0.09665 -0.01470 -0.22321
0.17410 -0.01138 0.22192
0.17564 -0.03004 0.23446
0.22887 -0.01428 -0.13508
0.20421 -0.25721 -0.24441
0.18270 -0.16140 -0.22321
0.17278 -0.04108 -0.08424
0.17300 -0.04001 -0.15335
-0.15926 0.07210 -0.01140
-0.10249 -0.00031 -0.13736
0.18791 0.01815 0.12480
0.22895 -0.01511 0.13217
-0.18428 -0.09401 0.23446
-0.19380 0.20315 0.14677
0.16537 -0.04872 -0.09355
-0.19895 0.20081 0.03701
-0.16239 -0.06672 -0.24271
0.19609 -0.04853 0.22748
0.18092 0.01300 -0.23552
-0.26077 0.32290 -0.10813
-0.14884 -0.05316 -0.22851
0.22859 -0.00509 0.00979
0.11442 0.00952 0.17900
0.15724 0.01188 0.17458
0.03805 0.00531 0.19708
0.06904 0.00702 0.19330
0.16093 0.01208 0.18473
0.23216 -0.00683 -0.18273
0.18892 -0.03823 0.02022
0.16512 -0.02837 -0.06711
0.17381 -0.15846 -0.23345
0.18874 -0.26789 -0.24339
-0.17258 0.09819 -0.22321
0.15218 -0.03695 0.08980
-0.15703 0.05387 0.17034
-0.20325 0.21198 0.19619
-0.16618 -0.05937 0.22192
0.17522 -0.03769 -0.24441
-0.16712 0.06379 -0.23534
0.18303 0.01288 -0.11980
0.14972 0.01146 -0.18869
0.04945 0.00594 -0.18353
0.00313 0.00338 -0.17448
0.15738 0.01189 -0.18141
0.13928 0.01089 -0.19347
0.11719 0.00967 -0.18300
0.06109 0.00658 -0.17731
-0.24220 0.30790 -0.24441
0.22087 0.17108 -0.22756
-0.00843 0.00274 -0.19943
0.11115 0.00934 -0.20024
-0.06120 -0.00017 -0.19478
0.01249 0.00390 -0.19384
-0.07871 -0.00113 -0.19353
-0.02922 0.00160 -0.18938
-0.20391 0.21364 0.07326
-0.20160 0.21052 0.06279
0.20195 -0.03967 -0.13459
0.20548 0.07500 -0.23588
0.10422 0.01210 0.04159
-0.19091 0.19425 0.07864
0.18702 -0.03802 0.03032
-0.13006 0.01704 0.01303
-0.14447 0.02664 -0.17970
0.19843 -0.21235 0.22192
-0.09027 -0.01202 0.22192
0.20843 0.01611 0.03025
-0.18244 -0.03922 -0.23462
-0.19796 0.12703 0.24311
0.20939 0.01585 0.06612
-0.18353 -0.22968 -0.23385
-0.14040 -0.01736 -0.22321
-0.19158 0.08434 0.23114
0.18288 -0.22065 -0.22321
-0.18823 -0.13607 0.23847
0.14118 -0.02352 -0.22851
0.19484 -0.06767 -0.22549
-0.16941 0.10406 0.09458
0.15650 -0.03000 0.06785
-0.22132 0.25600 0.19851
-0.24703 0.31851 0.18642
-0.23283 0.28400 0.18596
-0.20431 -0.24907 0.24311
-0.14915 0.04700 0.06467
0.21864 0.00468 0.03083
0.13923 -0.05415 -0.22385
-0.11200 -0.00149 -0.22321
0.06199 -0.00149 -0.22321
-0.23374 0.28620 -0.08814
-0.21677 0.24496 -0.07351
-0.21898 0.25031 -0.08498
-0.14522 0.02780 0.08980
0.17533 -0.03669 -0.08831
-0.20207 0.16369 0.24311
-0.18358 0.16857 -0.02244
-0.16605 0.10704 -0.04273
-0.16870 0.11633 -0.03306
-0.18193 0.16275 -0.04030
0.18864 -0.08425 -0.24441
-0.18740 -0.19258 0.24311
0.19400 -0.09676 0.23345
-0.15314 0.05974 0.07082
-0.05017 -0.01400 -0.22321
0.22240 0.00065 -0.08018
0.15205 -0.03876 -0.09907
0.17976 -0.10329 0.22192
-0.16370 0.07944 -0.04015
-0.18078 0.13939 -0.04296
-0.17420 0.11629 -0.03744
-0.26682 0.33181 -0.11170
-0.19271 0.20000 0.07310
0.03733 0.00527 -0.03141
0.00888 0.00370 -0.03638
0.02337 0.00450 -0.03594
-0.04985 0.00046 -0.02328
-0.05456 0.00020 -0.02704
-0.07777 -0.00108 -0.01582
0.21818 0.01168 -0.02125
0.22871 -0.02260 -0.12089
-0.23579 0.30512 0.06569
-0.23017 0.29146 0.07323
0.24500 0.15131 -0.23211
-0.21082 0.17865 0.22661
-0.17625 -0.19348 0.24096
0.17762 -0.12024 0.24311
-0.08466 -0.00147 0.03664
0.22921 -0.03326 -0.14918
-0.16650 -0.03365 0.22192
0.21373 -0.34303 0.22458
-0.25355 0.33078 0.22192
0.01960 -0.02196 0.22192
0.23333 -0.02585 -0.17669
-0.20348 0.22658 0.19426
-0.19995 0.21799 0.18140
-0.20857 0.23895 0.18238
-0.21090 0.24461 0.18954
0.17892 -0.03710 0.01055
0.22316 0.00767 0.18896
0.21971 0.00364 0.17633
0.06726 -0.04311 -0.22851
-0.17508 0.11159 -0.24441
0.23042 -0.00257 -0.06850
-0.08881 0.00384 -0.17125
0.15453 -0.03181 0.02325
-0.12523 -0.01454 0.22192
-0.18022 0.07986 0.22192
-0.14773 0.03194 0.09224
-0.11580 0.00739 0.06279
-0.23520 0.28976 -0.12889
-0.22659 0.26883 -0.12965
-0.23132 0.28032 -0.12959
-0.25657 0.34302 -0.16649
0.22259 -0.04147 -0.19594
-0.19780 0.12227 0.22751
-0.15625 0.05121 0.07737
0.19097 -0.08246 0.22192
0.20163 -0.21416 -0.23287
0.04171 0.01080 0.03334
0.04875 0.01118 0.03771
0.08182 0.01299 0.03589
-0.06568 0.00493 0.03155
-0.01873 0.00750 0.02252
-0.07368 0.00449 0.03487
-0.18251 0.16478 0.12073
-0.17117 0.12501 0.12645
-0.18530 0.17460 0.13762
-0.11843 0.00450 -0.08314
-0.00996 0.00798 -0.14519
0.09286 0.01359 -0.12862
0.11813 0.01497 -0.14262
-0.03404 0.00666 -0.14607
0.08582 0.01321 -0.13640
0.07931 0.01285 -0.13897
0.25632 0.14961 -0.24201
-0.17720 0.12916 0.23854
-0.08967 -0.01714 -0.22321
-0.00219 0.00571 -0.20217
0.21539 -0.33773 -0.23023
-0.12708 -0.03589 0.22192
-0.04085 -0.03578 0.22192
-0.06408 -0.02307 0.22722
-0.09738 0.00445 0.12998
-0.18553 0.15605 -0.08285
-0.19175 0.17787 -0.07294
-0.00220 0.00840 -0.02656
-0.06085 0.00519 -0.01596
-0.06915 0.00474 -0.01542
0.18270 -0.09861 -0.24441
0.13405 -0.03997 -0.22321
-0.21936 0.26517 -0.12128
-0.24303 0.32273 -0.11764
-0.23393 0.30059 -0.12504
-0.21141 0.24584 -0.13036
-0.22958 0.23925 0.23289
-0.11209 0.00212 0.06794
0.17010 -0.04593 -0.05508
0.17204 -0.10730 -0.24265
-0.24162 0.30536 0.02084
-0.23948 0.30016 0.02322
-0.24705 0.31858 0.01713
0.22407 -0.04029 -0.03565
0.21391 0.00809 0.13033
0.20043 -0.31515 0.24311
-0.20181 0.16288 0.22192
-0.25232 0.32270 -0.06453
-0.22412 -0.30000 -0.23603
0.22019 0.00318 -0.18000
-0.18010 0.06397 0.24311
-0.18753 -0.24698 -0.22510
0.22308 -0.00030 -0.09207
-0.06593 -0.00043 -0.12900
0.14207 0.01104 -0.14790
-0.02217 0.00199 -0.14817
-0.04264 0.00086 -0.13647
0.05853 0.00644 -0.14249
0.06568 0.01211 -0.08467
0.00850 0.00898 -0.09024
0.06389 0.01201 -0.07908
0.10526 0.01427 -0.07350
0.06670 0.01216 -0.09549
0.12163 0.01517 -0.09391
0.15921 -0.02862 0.09693
-0.18310 -0.00144 0.24164
0.25940 0.14500 -0.23787
0.20020 0.01765 -0.02407
0.19766 -0.04454 0.07706
-0.18553 0.16928 -0.04320
-0.01800 -0.03773 0.22722
-0.13822 0.02680 -0.19829
-0.09839 0.00459 0.08105
0.21462 0.00767 0.13680
0.15272 -0.03479 -0.13718
0.24991 0.14558 -0.23882
-0.07345 -0.04801 0.22722
-0.16049 0.13688 -0.24441
0.14354 0.15775 -0.24441
0.14616 0.01127 -0.17365
0.07251 0.00721 -0.18397
0.13120 0.01044 -0.19057
0.12694 0.01021 -0.18662
0.02904 0.00481 -0.18382
0.21039 0.00982 0.18901
0.18544 -0.02688 -0.22321
0.17753 -0.12826 -0.24441
0.20523 0.12204 0.24157
0.18822 -0.02330 0.24311
-0.11483 0.00307 -0.01404
-0.26515 0.33811 -0.06048
0.15202 -0.03773 -0.12627
-0.20724 0.23572 -0.06522
-0.20114 0.22090 -0.07416
-0.23444 0.30184 -0.06847
-0.15808 0.13792 0.22192
-0.05216 0.14730 0.22192
-0.24611 0.32963 0.18145
0.19089 -0.15539 -0.22321
0.02614 -0.04876 0.22722
-0.16173 -0.03285 -0.23226
-0.17014 -0.15446 -0.23102
0.17693 -0.19369 -0.24143
0.20177 0.01185 -0.01978
0.25765 0.14777 0.22732
0.18038 0.00917 0.22615
-0.23042 0.28076 0.14757
-0.12319 0.01279 -0.04084
0.19248 0.01261 -0.12926
-0.20833 0.24489 -0.22732
0.02513 0.00459 0.02744
0.07686 0.00745 0.01679
0.14840 0.01139 0.01043
-0.02898 0.00161 0.01538
0.01472 0.00402 0.01970
0.14335 0.01111 0.01273
-0.04207 0.00089 0.02209
-0.16712 0.10772 -0.20217
-0.16152 -0.02961 0.22192
-0.07744 -0.03030 0.22192
-0.26604 0.33634 0.01297
-0.24578 0.33327 0.20825
-0.18932 -0.25436 0.22243
-0.19519 0.10816 -0.23773
-0.22941 0.23879 -0.23257
-0.16930 0.08223 0.22581
-0.16930 -0.11361 -0.22321
-0.21450 0.23942 -0.13859
-0.22002 0.25285 -0.14016
-0.21128 0.23160 -0.13136
-0.17539 -0.05639 -0.22321
0.19374 -0.26006 0.22192
0.13098 0.16493 -0.22572
0.06324 0.15866 -0.22801
0.15623 0.16727 -0.22354
0.17896 0.16937 -0.22419
0.16953 0.16850 -0.24084
0.10965 0.16296 -0.22856
0.19840 0.16372 0.22791
-0.19025 0.19194 0.14633
-0.16868 0.11626 0.12813
-0.21934 -0.31946 0.24311
-0.12297 0.01064 0.11578
0.23438 -0.01792 0.18842
0.18268 -0.03752 0.14091
0.21685 -0.04390 0.11696
0.26458 0.13365 0.23916
0.21115 -0.26920 -0.23620
-0.17376 0.11112 -0.23222
0.15891 -0.04849 0.04577
-0.14762 0.03951 0.00979
-0.26662 0.33458 0.21592
-0.19487 -0.27554 0.23168
-0.19630 0.20744 -0.22708
0.16443 -0.00461 0.22192
0.18313 -0.04279 0.17029
-0.18472 0.17255 -0.06599
-0.15957 0.08430 -0.08690
-0.16442 0.10130 -0.08479
0.23264 -0.02794 0.16880
-0.20387 0.14982 -0.23861
0.03315 0.14801 0.22192
-0.17081 0.13132 0.22192
-0.09543 0.13609 0.22192
-0.19351 0.20232 -0.02007
0.00013 0.15063 0.24311
0.02991 0.15102 0.24311
0.07941 0.15604 0.24311
0.19681 -0.17117 -0.24200
-0.15419 0.06474 -0.14088
0.09944 0.01395 -0.17526
-0.07260 0.00455 -0.19484
-0.05698 0.00541 -0.17729
0.04806 0.01115 -0.17246
-0.02352 0.00723 -0.18054
-0.01072 0.00793 -0.17874
0.18858 -0.17662 -0.24441
-0.09983 -0.00031 0.16877
0.18324 0.11522 0.24137
-0.19966 0.20271 -0.11928
0.26670 0.11686 -0.22405
-0.15872 0.06038 -0.14702
-0.04119 -0.03123 -0.22321
-0.03526 0.00172 -0.09619
-0.20936 0.22693 0.17401
-0.21956 0.25174 0.18773
0.04989 0.00596 -0.06932
0.04372 0.00562 -0.07945
0.02066 0.00435 -0.06940
0.17133 0.01266 -0.08186
-0.01263 -0.04706 -0.22851
0.17239 -0.08107 -0.22785
0.18829 0.01288 -0.01746
0.18973 -0.03832 0.17654
-0.18250 0.15725 0.04159
0.21778 -0.33282 -0.23645
-0.17107 0.10531 0.14504
-0.17596 0.12246 0.13764
-0.16211 0.07388 0.14726
-0.26677 0.33147 0.00674
-0.21855 0.24928 0.06389
-0.20804 0.22373 0.08592
-0.24225 0.30690 0.06371
-0.23469 0.28852 0.06728
0.19378 -0.18167 -0.24441
0.18219 0.02089 0.23159
-0.08079 -0.00104 -0.14918
-0.15428 0.06526 0.17366
0.12305 -0.04634 -0.22851
-0.07523 -0.03341 -0.22321
-0.11711 -0.03305 -0.22321
-0.17972 0.15499 0.08942
-0.17344 0.13295 0.08325
-0.16003 0.08590 0.09302
-0.15496 0.06813 0.06914
-0.18999 0.17405 0.14757
0.19206 0.11875 -0.22321
-0.14459 0.13941 0.22876
-0.07984 0.14541 0.23710
-0.12368 0.14135 0.23078
-0.06199 0.14706 0.23406
-0.10769 0.14283 0.23093
-0.10806 0.14279 0.23942
0.20619 0.01668 -0.14078
-0.21375 0.25956 0.22848
0.17123 -0.00116 -0.22608
-0.17504 -0.18638 0.22879
0.21558 -0.28895 -0.23539
-0.18288 -0.13833 0.22192
-0.04829 -0.05275 0.22722
0.10959 -0.05176 0.22722
-0.15947 0.06423 0.18518
-0.24590 0.33401 0.19116
-0.04214 -0.01544 -0.22851
0.18786 -0.18610 0.22192
-0.20454 0.21520 0.03116
-0.18796 -0.18034 -0.22321
-0.24635 0.32915 0.19417
0.19427 -0.03884 -0.01450
-0.02026 -0.02928 0.22192
0.05125 -0.02955 0.22192
-0.17683 0.12553 0.03850
-0.18905 0.16842 0.02674
-0.09921 0.00471 0.06443
0.22703 0.00320 0.13964
-0.13176 -0.04439 0.22192
-0.07720 -0.04299 0.22192
0.03777 0.00529 -0.02248
0.12974 0.01036 -0.01784
0.08512 0.00790 -0.02134
0.01577 0.00408 -0.01626
0.09422 0.00840 -0.01766
0.00445 0.00345 -0.01307
0.15209 0.01159 -0.03315
-0.17975 -0.04744 -0.22321
0.17314 -0.03923 -0.21555
-0.12646 0.00846 0.13864
0.17208 0.01491 0.16877
-0.24663 0.32826 0.00409
-0.21477 0.25401 0.03032
-0.22503 0.27895 0.02769
-0.22537 0.27980 0.04035
0.21183 -0.04474 -0.08771
0.16347 0.01229 -0.04320
-0.09967 0.00477 0.02144
-0.18865 -0.25161 0.24132
-0.18225 -0.05259 0.22239
0.15289 -0.04275 0.07867
-0.15620 0.05107 0.04024
0.22350 -0.03323 0.02529
-0.22305 0.23688 0.22192
0.22848 -0.03568 0.03874
-0.18544 0.17507 0.08324
-0.16936 0.11865 0.07467
-0.18349 0.16822 0.06763
-0.17339 0.13281 0.06727
-0.18069 0.15840 -0.19981
-0.18279 0.16577 -0.19508
-0.18277 0.16570 -0.17940
-0.24606 0.31616 -0.03088
-0.24642 0.31704 -0.02145
0.19978 0.03975 -0.22321
-0.13150 0.01160 -0.06577
0.03335 -0.02515 0.22788
0.21525 -0.04422 0.04020
0.09120 0.00824 -0.13506
0.12158 0.00991 -0.12940
0.10073 0.00876 -0.13540
0.00522 0.00350 -0.12273
0.13801 0.01082 -0.13277
0.07483 0.00733 -0.11828
0.09604 0.00850 -0.11909
-0.22165 0.21585 0.23007
0.15260 -0.04191 0.01960
0.15270 -0.04219 0.19044
-0.22378 -0.34303 -0.23148
0.07593 0.01267 0.08795
-0.05151 0.00571 0.09432
-0.02524 0.00714 0.07779
-0.03083 0.00683 0.09289
-0.01415 0.00775 0.07453
-0.13673 -0.04529 -0.22851
0.17811 -0.20397 -0.24059
0.01300 0.00923 -0.02699
-0.05345 0.00560 -0.03031
-0.00188 0.00842 -0.01771
0.09749 0.01385 -0.01779
0.25440 0.13833 -0.23729
0.18898 0.16211 0.23446
0.25771 0.12919 0.22216
0.20196 0.01743 -0.06774
0.17609 -0.18207 0.24311
0.01439 -0.04343 -0.22851
-0.04595 -0.04482 -0.22851
0.20307 -0.32970 0.23412
0.10945 0.01396 -0.11738
0.03020 -0.01634 0.22774
0.21453 0.01380 -0.12119
-0.24435 0.30110 0.22192
-0.15144 -0.03960 0.22722
-0.05203 -0.03872 0.22722
-0.20505 0.23495 -0.23894
0.01340 -0.02579 0.22722
-0.12588 -0.02536 0.22722
-0.05041 0.00482 -0.20217
-0.18900 0.16822 -0.07576
-0.18983 0.17114 -0.08334
-0.18820 0.16542 -0.08113
0.15542 -0.03079 -0.14857
0.21916 -0.04336 0.14618
-0.20811 -0.31889 -0.24441
-0.25966 0.32247 -0.12193
0.07787 -0.00595 -0.22321
-0.12676 0.00863 0.06985
0.01365 -0.05415 0.22587
0.07015 -0.05415 0.22581
-0.18602 -0.15867 -0.22321
-0.13920 0.01937 -0.07184
-0.03658 0.14941 -0.23198
-0.13044 0.14072 -0.23099
-0.16359 0.13765 -0.22782
-0.12614 0.14112 -0.24069
0.04660 0.15712 -0.24361
-0.10041 -0.00066 0.18890
0.16031 -0.02825 -0.00138
0.21479 -0.03977 0.06279
0.06325 -0.00166 -0.22851
0.19919 0.17112 0.23326
0.19299 0.16428 -0.24441
0.21457 -0.28442 0.23520
0.19388 0.08092 -0.23175
0.25579 0.10388 -0.22428
-0.21087 -0.27482 -0.22321
-0.26283 0.32420 -0.19169
-0.18056 -0.21594 -0.23213
0.17477 -0.00126 0.22722
0.12620 -0.00224 0.22722
0.12391 -0.00377 -0.22851
0.20495 -0.23635 0.23164
-0.19502 0.10703 0.23489
0.19927 0.01775 -0.07493
-0.22111 -0.34303 0.24202
0.21719 -0.29605 0.23619
0.19403 -0.09558 0.22204
-0.11564 0.00923 -0.02845
0.00222 -0.03290 -0.22851
-0.16207 -0.00717 -0.23170
-0.15627 0.05128 0.03405
0.20509 0.04822 -0.24441
-0.02596 0.00427 -0.09619
-0.16173 -0.03332 0.23224
-0.21378 0.23767 0.02116
-0.20864 0.22520 0.01887
-0.20730 0.22192 0.02488
-0.02594 -0.01339 0.22722
0.20112 0.04493 -0.22321
0.19422 -0.11886 0.23316
0.22183 0.00893 -0.12720
-0.22185 -0.29302 -0.23259
0.19255 0.01260 0.18878
0.01077 -0.00116 0.22524
-0.01616 -0.00116 0.22573
-0.22509 0.27412 -0.06439
0.17803 -0.19751 -0.22321
-0.23286 -0.32682 -0.23850
-0.18945 0.17954 -0.04320
0.21944 -0.04328 -0.03539
0.00945 -0.02519 -0.22321
0.19346 0.01804 0.08948
0.10234 0.00913 0.06279
0.23391 -0.01261 0.06387
-0.16000 0.06977 -0.17038
-0.24098 0.30825 -0.06439
-0.22934 -0.31601 -0.22415
-0.19432 0.20459 -0.12692
-0.05386 -0.02954 0.22192
-0.19590 0.11284 -0.22709
-0.12694 -0.05415 -0.22326
-0.11209 -0.05415 -0.22427
-0.12785 0.01556 -0.01914
-0.18280 -0.01837 0.22256
-0.08056 -0.00195 -0.22321
0.11854 -0.00378 -0.22321
-0.25500 0.34286 0.13596
0.22502 0.06838 -0.22686
-0.20514 0.21667 -0.02168
0.22345 -0.03328 -0.19411
-0.18447 -0.11990 0.22192
-0.19051 -0.15569 0.23031
-0.12676 -0.05014 -0.22851
0.05679 -0.05126 -0.22851
0.22789 -0.02558 -0.03814
-0.11765 0.01009 -0.07703
0.19105 0.01762 -0.06439
-0.17980 -0.00467 0.22192
-0.00203 0.00387 -0.04320
0.20091 0.01192 -0.12348
-0.21833 -0.29851 0.24311
0.18252 -0.23452 -0.23062
-0.24699 0.33741 -0.20426
0.16901 0.01253 -0.02188
0.14023 0.01094 -0.03361
0.11698 0.00966 -0.02377
0.10819 0.00917 -0.02777
0.06906 0.00702 -0.02655
-0.00990 0.00266 -0.02035
-0.16294 0.01599 -0.23320
0.02740 -0.02459 0.22755
-0.08418 0.00393 0.08320
-0.16694 0.11016 0.01012
-0.17990 0.15564 0.03211
-0.17719 0.14614 0.01164
-0.24513 0.32723 -0.24441
-0.13855 0.02235 -0.04320
-0.21323 -0.32219 -0.22321
-0.18713 0.17878 -0.06439
0.18587 -0.12806 0.22192
-0.18029 0.03954 0.24311
0.10714 -0.00339 0.22722
0.22342 0.00742 0.07752
0.19464 -0.29416 -0.24433
-0.15305 0.05937 0.11707
-0.15816 0.05809 0.06798
0.23426 -0.01509 -0.19636
0.16177 -0.00934 0.22192
-0.23931 0.31367 0.01828
-0.24376 0.32449 0.02268
-0.23987 0.31503 0.03733
-0.23768 0.30972 0.01110
-0.09243 -0.00149 -0.08240
0.16073 0.01659 0.20056
-0.22803 -0.31199 -0.23836
0.23041 -0.00254 -0.13468
0.20382 0.12395 -0.24213
0.17611 -0.03678 0.07830
0.22821 -0.03346 -0.11738
0.12878 0.01031 0.06957
-0.02923 0.00160 0.09357
0.05148 0.00605 0.08459
0.13158 0.01046 0.08153
-0.01352 0.00246 0.09362
0.07225 0.00719 0.08134
-0.16835 0.09578 0.09059
-0.18624 0.15856 0.07970
-0.17411 0.11598 0.09209
-0.17611 0.12300 0.08994
0.25487 0.09649 -0.24441
0.19379 -0.29072 -0.23284
-0.21057 -0.34200 0.23735
-0.10868 -0.02305 0.22192
-0.21038 0.24335 0.03716
-0.20164 0.22210 0.01541
-0.21681 0.25898 0.02436
0.00789 -0.01794 0.22755
-0.06567 -0.02403 0.22192
0.12974 -0.02470 0.22192
0.21195 -0.34303 -0.23830
0.02309 -0.02066 0.22722
-0.20219 0.20929 -0.13461
-0.15051 -0.02060 -0.22321
-0.19465 0.17406 -0.24441
0.22878 -0.02208 0.14466
-0.01748 -0.03199 -0.22851
-0.16051 -0.02792 -0.22851
-0.16823 0.09967 -0.04320
-0.16989 0.08317 0.24311
0.21351 -0.30232 0.24311
-0.09929 -0.00085 -0.06813
0.19038 -0.03840 0.12167
-0.14651 0.04091 -0.09495
0.19222 0.07224 -0.23924
-0.21851 -0.28276 0.22257
-0.15683 0.05318 -0.03838
-0.04560 -0.04939 -0.22321
0.04359 -0.01728 -0.22857
0.23436 -0.01685 -0.17680
0.17107 -0.04482 0.12335
-0.20057 0.14979 -0.24441
-0.16523 0.08676 -0.14918
0.03732 0.01056 0.12014
0.15005 0.01672 0.12832
0.13768 0.01604 0.12142
0.15645 0.01707 0.11971
0.06013 0.01181 0.13221
0.12258 0.01522 0.13796
-0.15465 -0.03523 0.22192
-0.18237 -0.04345 -0.22564
0.20323 -0.32681 -0.23125
0.18921 0.05749 -0.23084
0.01847 -0.03289 -0.22321
-0.17287 0.12162 -0.17038
-0.13173 0.01176 -0.12413
0.15251 0.01288 0.11578
0.18080 0.01219 -0.22494
0.21150 -0.04478 0.08559
-0.22116 0.25855 0.24311
0.20514 -0.34303 0.24461
0.20602 0.01125 0.01224
-0.14214 0.02326 -0.03436
-0.00043 -0.02503 -0.22321
0.13795 0.01221 0.09458
0.18608 0.01359 -0.01140
-0.20442 -0.29263 -0.22321
0.04703 0.00695 -0.01140
0.16882 -0.03008 -0.20334
-0.05904 -0.00285 0.22192
-0.20099 0.20622 -0.07840
0.09680 -0.04071 -0.22321
0.17926 0.01288 0.03112
-0.08114 -0.01640 0.22192
-0.00762 -0.01724 0.22192
0.03049 -0.03451 -0.22857
0.22353 0.00732 -0.13625
0.23357 -0.02483 0.06450
-0.04560 0.00069 0.12266
-0.00759 0.00279 0.12533
0.07583 0.00739 0.11626
0.09257 0.00831 0.11675
-0.02454 0.00186 0.13393
-0.05281 0.00030 0.13298
-0.07266 -0.00080 0.14204
0.20113 -0.04492 0.09398
0.15744 0.01304 0.14757
0.24593 0.07798 0.22573
-0.16387 0.09051 0.00979
0.13313 0.01579 0.13349
0.02746 0.01002 0.11693
0.08617 0.01323 0.11926
0.11363 0.01473 0.12834
0.01205 0.00918 0.12193
0.07597 0.01267 0.13318
-0.26219 0.33277 -0.22321
-0.17535 -0.01501 0.22192
0.21014 0.07452 -0.23884
-0.17491 0.13426 0.24311
-0.13321 0.13767 0.24311
-0.24586 0.33377 -0.04827
0.19598 0.03793 0.22192
0.23601 0.08084 -0.22754
0.23003 -0.03339 -0.17144
-0.18442 0.01867 0.23580
-0.17252 0.11039 -0.12646
-0.19560 0.19140 -0.14803
-0.14620 0.03263 0.20056
0.19396 -0.09871 -0.22669
-0.18441 0.16254 0.23293
-0.16362 0.00439 0.22192
-0.20272 -0.26919 0.24311
-0.24073 0.31712 -0.03194
-0.23012 0.29133 -0.04235
-0.22114 0.26951 -0.03569
-0.17550 -0.12366 -0.24441
0.15474 -0.04569 0.08549
-0.17924 -0.20919 0.24137
-0.18643 0.11807 0.22192
0.20396 -0.23088 -0.23100
-0.22407 0.22414 -0.23810
-0.16903 0.08051 -0.22773
0.07354 0.01114 -0.20217
-0.09716 -0.05415 0.22501
-0.13336 -0.05415 0.22442
0.22828 -0.03595 -0.07336
-0.16510 0.04552 0.22522
-0.24953 0.34051 -0.08914
-0.17533 0.13014 -0.17038
-0.26248 0.34093 0.20071
0.22837 -0.01203 -0.02303
-0.18651 0.04352 0.22816
-0.23274 0.30318 -0.24441
0.19954 0.01772 0.03615
0.19323 -0.04401 -0.08497
0.17916 -0.15963 -0.24441
-0.19629 0.11541 0.24002
-0.21362 0.23730 -0.18922
-0.21882 0.24994 -0.19930
-0.20610 0.21900 -0.18819
0.08071 0.01260 0.20056
-0.18797 -0.20943 0.22192
-0.16390 -0.09409 -0.22813
0.03527 -0.04168 0.22722
-0.22359 0.22251 0.23541
-0.24529 0.28134 -0.22592
0.16011 -0.04880 -0.18376
-0.10192 0.00018 -0.14918
-0.18475 -0.10352 -0.24417
0.22707 -0.03733 0.19813
-0.21257 -0.26211 0.23982
-0.18472 -0.10292 0.24015
-0.16647 -0.12423 0.22603
0.13816 0.01083 0.13330
0.17134 0.01266 0.13778
0.02359 0.00451 0.14658
0.17039 0.01260 0.12495
0.13324 0.01056 0.14193
0.00268 0.00336 0.14595
0.06355 0.00671 0.13712
0.22398 -0.03267 0.08583
-0.03025 0.14421 0.22192
-0.25904 0.34264 -0.15521
-0.07569 -0.05415 0.22375
0.20873 -0.04153 0.14757
0.20964 -0.26225 -0.23841
-0.17464 0.08439 -0.24441
0.19011 0.12230 0.23063
0.20580 0.16872 0.22192
-0.14815 -0.03743 0.22192
-0.09077 0.00390 0.03088
-0.01260 0.00581 -0.04320
0.19543 -0.04428 0.17711
0.16215 -0.02848 -0.22321
0.00181 -0.04038 -0.22851
-0.16897 0.09793 -0.02613
-0.16643 0.08904 -0.02870
-0.18599 0.15768 -0.04158
-0.17106 0.10529 -0.03683
-0.18786 -0.18453 0.22192
-0.15681 0.07460 0.17532
-0.17724 0.14630 0.19882
-0.15745 0.07687 0.19062
-0.16041 0.08724 0.18777
-0.15644 0.07330 -0.18864
-0.15944 0.08385 -0.18368
-0.16435 0.10106 -0.17445
-0.12519 0.01394 -0.07843
0.22679 -0.03765 0.18385
0.00446 0.00700 0.09458
0.23820 0.15681 0.23974
-0.18190 -0.02243 0.24311
0.22822 -0.02444 0.03308
-0.03694 0.00117 0.18743
-0.02215 0.00199 0.17275
-0.01701 0.00227 0.18787
0.02408 0.00454 0.18323
0.01750 0.00417 0.18334
-0.04508 0.00072 0.18541
0.19277 -0.07271 -0.22321
-0.17948 0.13481 -0.14406
-0.17381 0.11494 -0.13997
-0.11722 0.00990 0.02599
-0.24782 0.33867 -0.12423
-0.24160 0.30530 -0.17142
-0.24442 0.31216 -0.17230
-0.24809 0.32109 -0.17712
-0.24748 0.28629 -0.23476
0.19218 -0.26359 -0.24441
0.19873 0.01779 0.12253
0.01259 0.00533 0.20056
0.20476 -0.04177 -0.09619
0.20447 0.01161 0.09294
-0.20094 -0.21529 -0.23555
-0.24546 0.32455 -0.20217
0.14087 -0.05053 0.22722
-0.17989 0.15562 -0.03524
-0.17177 0.12712 -0.03580
-0.17670 0.14440 -0.03872
0.21959 -0.03688 0.08613
-0.15139 0.03897 0.18537
-0.22141 0.26119 0.06279
0.18344 -0.08416 0.24311
-0.16257 0.00811 -0.23240
0.10129 -0.04244 -0.22851
0.15472 -0.01978 -0.22851
0.22303 -0.34193 0.22604
-0.15342 0.05239 -0.11738
-0.20740 0.16586 -0.23153
-0.25552 0.32192 0.01943
-0.24069 0.31418 -0.04320
-0.05234 0.00195 -0.09619
-0.16742 -0.13247 0.22415
0.20031 0.02914 -0.22321
0.23382 -0.02375 -0.07828
0.08060 -0.04113 0.22192
0.18371 0.08369 0.24311
-0.17332 0.04745 -0.22321
-0.17103 0.09341 -0.24329
0.20266 -0.25591 0.22192
0.06135 0.15012 0.22338
-0.06736 0.13830 0.23235
0.00060 0.14454 0.22211
0.00855 0.14527 0.22953
-0.15327 0.13041 0.22262
0.19146 -0.28048 -0.23923
-0.11681 0.00971 0.07603
0.20241 -0.21975 -0.23535
0.17071 -0.03185 0.06097
-0.15063 0.04575 -0.04320
-0.20607 0.15979 0.23254
0.15701 0.01282 -0.06439
-0.04882 0.00538 -0.06439
-0.21943 -0.28560 0.24275
-0.17311 -0.17471 0.22360
0.19743 -0.30523 0.24131
-0.17776 -0.06447 -0.24441
-0.16864 -0.14317 0.23862
-0.06629 -0.02579 -0.22851
-0.22497 -0.32970 0.23507
-0.22109 0.21395 -0.23650
-0.25861 0.31148 0.22983
-0.23487 0.28896 0.08933
-0.22384 0.26215 0.09158
-0.24445 0.31225 0.08172
-0.17432 0.11448 0.22970
-0.22091 0.26895 0.19558
-0.23720 0.30855 0.19619
-0.16825 0.04766 0.24311
0.05010 -0.05285 0.22192
-0.00458 0.00296 -0.03824
0.10106 0.00878 -0.03831
0.03027 0.00488 -0.02867
0.13892 0.01087 -0.04221
0.09264 0.00832 -0.03686
0.20679 0.01654 -0.06439
-0.25139 0.32311 -0.00165
-0.18589 0.15732 -0.18676
-0.18271 0.14615 -0.18779
-0.18679 0.16048 -0.17232
-0.23281 0.30704 0.24157
-0.17971 0.14168 -0.14918
-0.26586 0.32811 -0.07956
-0.22507 0.26993 -0.22321
0.19914 0.01206 -0.14270
-0.06925 0.00025 0.11578
-0.17338 0.11340 -0.08985
-0.16832 0.09567 -0.08870
0.07814 -0.03407 0.22192
-0.02824 -0.03261 0.22192
0.16106 -0.04899 -0.00731
-0.24592 0.33055 -0.21209
0.19498 -0.14265 -0.23201
-0.17324 -0.01581 -0.24441
0.17918 -0.03713 0.12321
-0.19576 -0.26430 -0.22321
-0.19759 -0.25536 -0.22321
-0.21323 0.23634 -0.03272
-0.22335 0.26095 -0.02813
-0.21104 0.23103 -0.02179
-0.23471 0.29613 0.16877
0.22694 -0.00782 -0.13999
0.18697 0.01553 0.04159
0.17235 -0.12845 -0.23050
0.20783 0.01367 0.04159
-0.22614 0.27352 0.16877
0.21255 -0.03927 -0.12109
-0.18957 0.18955 0.19765
-0.18154 0.16140 0.18791
-0.17128 0.12540 0.17066
-0.16935 0.11863 0.08472
-0.15710 0.07563 0.09146
-0.16202 0.09290 0.07322
-0.17792 0.14868 0.08915
-0.16642 -0.05527 0.24311
-0.24302 0.32269 0.19655
-0.23373 0.30012 0.17626
0.20124 -0.04494 -0.13689
-0.18115 0.16001 -0.13595
-0.18586 0.17655 -0.12501
-0.18807 0.18429 -0.14530
0.00542 0.00593 -0.17038
0.20861 0.04676 0.24246
-0.24530 0.32823 -0.17878
-0.21490 0.25434 -0.19656
-0.23515 0.30357 -0.19735
0.07161 0.01243 -0.13654
0.05226 0.01138 -0.13939
0.09543 0.01373 -0.13495
0.01353 0.00926 -0.14680
0.02942 0.01013 -0.13873
-0.10172 0.00260 0.04159
0.26432 0.13438 -0.22835
-0.26675 0.33342 -0.00020
0.23274 -0.02766 -0.09515
0.23423 -0.02090 0.03970
0.17929 -0.16781 -0.24441
0.17761 0.01810 -0.03031
0.18060 0.01815 -0.06771
0.14919 -0.01330 0.22192
0.17259 -0.07590 0.22759
0.24538 0.16059 0.23405
-0.10346 0.00549 -0.13085
-0.13666 0.02466 0.06655
-0.18383 0.15279 -0.20217
-0.14949 0.03516 0.07219
-0.14203 0.03260 0.18948
-0.18882 -0.17527 0.24311
-0.20413 0.22243 -0.11738
-0.25663 0.34301 0.03125
0.19647 -0.04309 -0.23809
0.19676 0.12005 0.22192
0.15432 -0.04515 -0.10803
0.20398 -0.04509 0.13315
0.02687 -0.02006 0.22192
0.17395 0.01801 0.09351
-0.25152 0.34185 0.05015
-0.18663 0.15774 -0.22321
-0.18331 -0.07407 -0.23968
-0.21851 0.26310 -0.17884
-0.20926 0.24063 -0.17732
-0.00194 -0.01585 0.22722
0.23365 -0.02449 0.03465
0.19932 0.01205 0.17731
-0.10940 0.13444 -0.23488
0.13038 0.15646 -0.22599
-0.04466 0.14038 -0.22365
-0.07682 0.13743 -0.23615
-0.16790 0.12907 -0.22381
-0.01634 0.14299 -0.22351
0.10035 0.15370 -0.22779
-0.26172 0.32339 -0.07150
0.21119 -0.03945 0.06992
-0.04521 0.00146 0.16877
0.05167 -0.04452 0.22722
-0.19167 0.19675 0.18337
-0.20729 0.22191 -0.03194
-0.22295 0.25997 -0.04208
0.17570 0.01806 0.07784
-0.14456 0.02678 0.01342
0.23367 -0.01150 0.17994
-0.04626 0.00330 0.20056
-0.23829 0.26313 0.22754
-0.11719 0.00989 0.19156
0.10257 0.01311 -0.14918
0.18924 -0.04353 -0.12651
-0.16584 -0.11741 0.22448
0.17574 -0.08845 0.24311
-0.07269 0.00427 0.20056
0.16599 -0.02855 0.00570
0.11133 0.01460 -0.02539
0.13953 0.01614 -0.02254
0.05311 0.01142 -0.03935
0.09627 0.01378 -0.03393
0.10148 0.01406 -0.03937
-0.18156 -0.19733 -0.22321
0.20862 0.01050 0.14303
-0.17669 0.12657 0.23161
0.15538 -0.04625 0.05821
0.17777 -0.00574 -0.22321
0.18351 0.02603 0.22192
-0.15622 0.07010 -0.11738
-0.25212 0.34209 -0.13707
0.18480 0.11729 -0.23103
-0.15376 0.06249 -0.12530
-0.26099 0.32299 0.21266
-0.24062 0.31687 -0.08121
-0.22967 0.29024 -0.08975
-0.23213 0.24624 0.22712
0.17219 -0.12017 0.23806
0.18290 -0.03899 0.24311
-0.18764 0.05692 -0.23838
0.22328 0.16241 0.23008
0.17727 -0.19675 0.23284
-0.02387 0.00189 -0.19687
-0.06948 -0.00062 -0.17438
0.15299 0.01164 -0.19960
-0.07939 -0.00117 -0.20118
0.01743 0.00417 -0.19738
-0.05239 0.00032 -0.19598
-0.19773 0.19746 -0.17149
-0.20770 0.24311 0.22358
-0.18654 -0.12147 -0.24299
0.19551 -0.02310 -0.22321
-0.11480 0.00891 0.09148
-0.17443 -0.13620 -0.22321
0.20415 0.02157 0.22527
0.19812 -0.03928 -0.02938
-0.05510 -0.05342 -0.22321
-0.15652 -0.05241 -0.22321
-0.20564 0.15787 0.22590
0.25053 0.15615 0.23516
0.23534 0.15819 0.23064
0.12936 0.01467 -0.04320
0.17049 0.01429 -0.04320
-0.19878 0.12671 -0.22400
-0.01203 0.00626 -0.09619
-0.08849 -0.00160 0.12611
0.18437 -0.03772 -0.19772
0.22202 -0.04187 0.17264
0.23087 -0.00367 0.08021
-0.24599 0.32995 -0.03802
0.05996 -0.02427 0.22192
0.23360 -0.02085 -0.11738
-0.25577 0.34295 -0.19609
-0.19112 0.19495 0.19739
0.23394 -0.01282 -0.03366
-0.26681 0.33258 -0.23620
0.16221 -0.04913 0.05119
0.21300 0.00858 -0.17321
0.21644 -0.03856 -0.17667
-0.23536 0.27194 -0.24441
0.19690 -0.03701 0.24104
0.20599 -0.27245 -0.22321
-0.04567 0.00069 0.08092
-0.06513 -0.00038 0.06463
-0.02906 0.00161 0.07350
0.05562 0.00628 0.06449
0.00426 0.00344 0.07160
0.19795 -0.18305 0.23952
0.01877 0.00850 -0.09619
-0.18883 -0.14121 -0.24198
0.18548 -0.03784 -0.13780
0.10169 0.16222 0.23126
0.09168 0.16129 0.23663
0.03310 0.15587 0.22989
0.17053 0.16859 0.22708
-0.04198 0.14891 0.22422
0.07129 0.15940 0.23595
-0.08242 0.14517 0.22303
0.15321 -0.04348 -0.14602
-0.15803 0.05758 -0.02721
-0.23277 0.30694 -0.23073
0.06666 0.00892 -0.01140
0.21881 0.01125 0.19414
-0.21640 0.24404 -0.07900
0.00202 -0.00247 0.22192
0.18860 0.07559 -0.24441
0.19566 -0.05451 -0.22530
-0.15703 0.05388 0.13906
0.03526 0.00641 -0.04320
0.21634 0.01281 -0.08282
0.17113 -0.04475 -0.12225
0.01883 -0.03332 0.22755
0.01236 -0.03520 0.22755
0.15404 -0.04767 0.22722
0.08963 -0.03905 -0.22321
-0.26416 0.33940 0.22753
0.17391 -0.10765 0.24311
0.18005 0.00685 -0.22664
0.20606 -0.03978 0.07240
-0.26670 0.33102 -0.17684
-0.19324 0.18311 0.18783
-0.19327 0.18320 0.19873
-0.18715 0.16174 0.19281
0.11306 0.01035 -0.04320
0.25681 0.13231 0.23345
-0.17619 -0.15357 0.24311
0.18321 0.16407 0.22192
-0.14864 0.03354 0.11667
0.18130 -0.15990 0.22192
0.21385 0.17170 -0.23855
0.16313 -0.02801 -0.05521
0.06482 -0.02159 -0.22851
-0.21954 0.21135 -0.22321
-0.11485 -0.03326 -0.22851
0.23086 0.07002 0.23154
-0.25956 0.32243 -0.01705
-0.22300 0.26896 -0.06439
-0.05284 -0.00912 -0.22851
0.26045 0.12055 0.22192
0.17913 0.08866 -0.23121
0.16982 -0.03096 0.15737
-0.20190 0.20856 0.02971
-0.17595 0.14179 -0.01976
-0.16456 0.10179 -0.01604
-0.15651 0.07355 -0.04034
0.17848 -0.04223 0.06945
-0.19202 -0.19221 -0.22321
-0.17162 -0.16506 0.23583
0.10382 -0.01107 0.22722
0.03509 -0.01189 0.22722
-0.09384 -0.00142 -0.19642
0.21562 -0.03980 -0.06439
-0.00783 -0.03717 0.22192
0.17682 0.01288 0.06619
-0.17434 0.12922 0.04159
-0.19013 0.08659 -0.24441
0.20110 -0.28461 0.22192
0.15336 -0.04372 0.18084
-0.05066 0.00575 0.03211
-0.05133 0.00572 0.01988
-0.00717 0.00813 0.03920
-0.02199 0.00732 0.03015
0.14424 0.01640 0.04154
0.12354 0.01527 0.03653
-0.07609 0.14575 0.23012
0.11910 0.16383 0.24144
-0.11454 0.14219 0.22585
-0.23929 0.31364 0.09328
-0.22920 0.28910 0.08690
-0.22179 0.27108 0.09026
-0.18257 -0.03158 -0.24395
-0.18634 0.15468 0.24311
0.17701 -0.01672 0.22678
-0.10031 -0.05022 0.22722
0.17584 -0.02810 0.22567
-0.26643 0.33535 0.05814
0.18012 -0.10888 0.22192
0.18091 0.01288 -0.07897
-0.14380 0.02562 0.07255
0.11321 -0.02037 0.22722
0.15365 -0.00116 -0.22596
0.13902 -0.00116 -0.22653
-0.24070 0.28326 0.22192
-0.19326 -0.17357 0.22542
-0.18804 -0.13445 -0.22329
-0.12677 -0.05302 0.22722
0.21444 0.00778 -0.08026
0.22896 -0.02076 0.03754
-0.18416 0.17057 0.07850
-0.17645 0.14353 0.06631
-0.18814 0.18454 0.08714
-0.10121 0.00504 0.20039
0.11570 0.15511 0.23273
-0.05414 0.13951 0.23677
0.00246 0.14471 0.23487
0.06052 0.15004 0.23341
-0.06170 0.13882 0.24076
0.16457 0.15960 0.23757
0.22130 0.00195 0.01636
-0.02279 0.00316 0.11578
-0.26556 0.33756 -0.09338
-0.09680 0.00437 -0.02670
-0.19251 -0.21150 0.24311
-0.19096 0.18840 -0.22956
0.19423 -0.11956 0.24074
0.16463 -0.02827 0.04427
0.04002 -0.02264 -0.22851
0.10203 -0.02361 0.22722
-0.12595 0.00819 -0.04140
-0.14830 0.04492 0.03667
-0.13180 -0.02288 -0.22321
-0.20976 0.17502 -0.24373
0.03286 -0.01428 0.22192
-0.07086 -0.01385 0.22192
-0.24610 0.32963 0.13582
-0.09194 -0.05415 -0.22810
-0.03701 -0.05415 -0.22746
-0.18211 0.15950 -0.14918
0.18208 0.01816 0.01305
0.06712 -0.00537 0.22192
-0.00120 0.00845 0.17123
0.14389 0.01638 0.17949
0.07208 0.01246 0.17294
0.03804 0.01060 0.18001
-0.09951 -0.01958 0.22192
-0.19923 0.21702 0.23781
-0.23243 0.29486 0.11578
-0.19382 0.18515 0.07620
-0.18960 0.17033 0.07194
-0.19270 0.19463 0.23827
-0.20956 0.24823 0.23854
0.01189 0.00423 -0.09619
0.18860 0.10768 0.23166
0.15507 -0.03119 -0.15394
0.09374 0.01364 0.14003
-0.07721 0.00430 0.13471
-0.05242 0.00566 0.14211
-0.02185 0.00733 0.13887
-0.08217 0.00403 0.12981
-0.05716 0.00540 0.14581
0.07130 0.01242 0.13876
-0.16468 0.10223 -0.12437
-0.17614 0.14244 -0.12997
0.18142 0.01288 -0.03196
0.19912 -0.01539 -0.23912
0.24162 0.15405 -0.22899
-0.20431 0.20868 0.22192
-0.13506 -0.04508 -0.22321
-0.23955 0.27475 0.24311
-0.22104 0.27883 -0.24363
0.16972 -0.00779 -0.22851
-0.09982 -0.00593 -0.22851
-0.18309 -0.21540 0.22192
-0.13767 0.02603 -0.08562
0.22235 0.00072 -0.02341
0.19321 -0.18852 -0.22321
-0.13520 0.02278 0.01193
-0.22209 0.25789 -0.07467
-0.22571 0.26668 -0.07568
-0.13381 0.02106 -0.12022
-0.14348 0.03509 0.02301
0.19426 -0.08764 0.24277
0.06935 -0.02736 0.22722
0.06787 -0.03704 0.22192
-0.21264 0.21100 -0.22321
-0.19828 0.21434 -0.02760
0.20004 0.01514 -0.24441
-0.19961 0.21725 -0.08069
0.17902 -0.04230 -0.02187
-0.18360 0.16864 0.02561
-0.16917 0.11797 0.01869
-0.17816 0.14952 0.02433
-0.17718 0.14611 0.02869
-0.24560 0.32898 0.12441
-0.24116 0.31816 0.12733
-0.23339 0.29929 0.13018
-0.24630 0.32476 -0.09619
0.22851 -0.01265 -0.03209
0.06299 0.01196 -0.12314
-0.02887 0.00694 -0.12903
-0.03208 0.00677 -0.13444
0.03705 0.01054 -0.11874
0.13933 0.01613 -0.11767
-0.07247 0.00456 -0.12480
0.22046 -0.31766 0.22192
-0.19289 0.18422 -0.06439
-0.15406 0.06404 0.02504
-0.26620 0.32886 -0.04777
-0.26612 0.32870 0.01786
0.20141 0.01188 -0.02878
0.19486 -0.03891 0.19886
-0.21156 0.22157 -0.22321
-0.22007 0.26690 -0.09119
-0.23506 0.30335 -0.07527
-0.24090 0.31755 -0.09247
-0.14943 0.03860 -0.04320
0.19680 0.07329 0.24311
-0.20711 0.23276 -0.04320
0.15796 -0.03900 -0.22851
0.18810 -0.26476 0.23271
-0.18272 -0.02321 0.23637
-0.16533 0.10321 -0.11738
0.16831 -0.04738 -0.14761
-0.20557 -0.25000 0.22192
0.18196 0.01816 -0.14348
-0.24560 0.32896 0.11717
-0.22477 0.27833 0.12570
0.17443 -0.04458 -0.22720
0.08292 -0.02949 0.22192
0.10770 -0.02786 0.22192
-0.17823 -0.08007 0.24311
0.00347 -0.02880 0.22722
0.13882 -0.02849 0.22722
0.21273 -0.04462 0.03222
-0.26526 0.32651 0.23015
-0.21845 0.22153 0.22192
-0.13184 0.01184 0.14720
0.22389 0.06820 0.22705
0.18848 0.01187 0.22192
-0.25514 0.34288 0.02522
-0.17964 -0.20600 -0.22321
0.19673 -0.24866 -0.22321
-0.01370 -0.02300 -0.22851
-0.18496 0.17338 0.14452
-0.15538 0.06960 0.11943
0.17385 -0.05176 -0.22718
0.19608 -0.16295 -0.23156
-0.19171 0.19689 0.13144
-0.18691 -0.12469 0.22438
-0.17560 0.06694 -0.22321
-0.21806 0.24808 -0.01156
-0.22619 0.26785 -0.01860
-0.22367 0.26172 -0.01852
-0.14233 -0.04950 0.22192
-0.07188 -0.04874 0.22192
0.16756 -0.02932 -0.03927
-0.15918 0.06277 0.17336
-0.20535 0.21720 0.11626
-0.26365 0.32482 0.04635
0.12562 -0.05053 -0.22321
-0.06698 -0.05046 -0.22321
-0.23400 0.30076 0.01139
-0.24587 0.32962 0.01091
-0.24582 0.32951 0.01641
-0.17870 -0.08265 -0.24441
0.21276 0.16394 0.23842
-0.10024 -0.04480 -0.22321
-0.12034 -0.04913 0.22192
-0.20305 -0.28973 -0.24441
0.21100 -0.33773 0.23135
-0.17078 0.10429 0.19270
-0.18361 0.14932 0.18718
-0.19177 0.17794 0.18496
0.18518 -0.19919 0.24311
0.15685 -0.02976 0.05697
-0.26656 0.33006 -0.24150
0.16547 -0.04869 0.12300
0.21707 0.17013 -0.22321
-0.18370 -0.09837 -0.22321
-0.24040 0.30698 -0.09619
0.21731 0.00576 0.01350
0.08867 0.00810 0.01278
0.06166 0.00661 0.01833
0.00254 0.00335 0.03089
0.06786 0.00695 0.01067
0.01926 0.00427 0.01184
-0.04802 0.00056 0.01585
0.18705 -0.25964 0.23333
-0.19471 0.20179 0.24133
-0.19815 0.21407 -0.18787
0.17540 -0.03280 -0.22424
-0.25446 0.32208 -0.16608
0.18419 0.07908 0.22601
0.21605 -0.03864 0.17297
-0.11366 0.00266 -0.07195
0.09449 -0.00524 0.22722
0.20340 -0.22696 0.23720
-0.16042 0.08728 0.18128
-0.17114 0.12490 0.19085
-0.17950 0.15422 0.19545
-0.16755 0.11230 0.18418
-0.26675 0.33136 -0.16079
-0.14727 0.04256 -0.07155
-0.17988 -0.17720 0.24311
0.20953 -0.03961 -0.12920
0.09827 -0.04659 -0.22321
0.17318 -0.06630 0.24311
-0.16606 0.05443 -0.23061
0.20317 0.01522 -0.23535
0.13980 0.15732 -0.24033
-0.00093 0.14440 -0.23898
0.18235 0.16123 -0.24401
0.13454 0.15684 -0.23258
0.05400 0.14944 -0.23840
0.10537 0.15416 -0.24338
-0.19930 0.20174 0.02107
-0.18399 0.15065 -0.02165
-0.19113 0.17571 -0.02261
-0.26572 0.33709 -0.22879
-0.18696 0.04891 0.22839
0.01648 -0.01788 0.22722
0.18240 0.01816 0.18212
0.16950 0.01778 -0.18009
0.05418 0.01148 -0.20145
0.06682 0.01217 -0.18527
0.08009 0.01290 -0.19266
0.20550 -0.04511 -0.01435
-0.26231 0.32382 0.06067
0.22349 -0.34303 -0.22637
-0.19459 0.19343 0.11578
